20
 t120_00  
 100.0 120 40
36.6
26.8
36.6
43.0
26.3
30.7
41.4
28.7
29.9
49.5
25.1
25.4
47.4
25.2
27.4
37.0
26.9
36.1
47.3
25.2
27.5
47.2
25.9
26.9
44.4
25.8
29.8
43.9
27.3
28.8
44.5
27.2
28.3
41.9
26.1
32.0
36.3
27.1
36.6
35.5
27.3
37.2
46.6
26.2
27.2
35.7
29.2
35.1
39.5
25.5
35.0
35.0
30.3
34.7
45.0
25.2
29.8
41.0
27.5
31.5
40.7
26.0
33.3
36.6
27.1
36.3
35.0
29.4
35.6
48.0
25.3
26.7
44.6
25.9
29.5
37.6
26.7
35.7
36.6
28.2
35.2
47.8
25.6
26.6
42.0
25.1
32.9
43.4
25.2
31.4
47.0
25.4
27.6
49.7
25.0
25.3
49.7
25.0
25.3
44.5
25.4
30.1
41.2
26.3
32.5
40.0
29.8
30.2
36.2
28.2
35.6
40.5
25.9
33.6
39.7
29.0
31.3
48.5
25.3
26.2
 t120_01 
 100.0 120 40
43.2
26.5
30.3
36.5
28.2
35.3
44.8
26.0
29.2
49.6
25.0
25.4
36.3
26.5
37.2
37.2
29.8
33.0
49.1
25.3
25.6
42.9
26.0
31.1
39.2
26.8
34.0
43.3
25.1
31.6
40.6
25.9
33.5
36.5
25.2
38.3
39.3
27.1
33.6
38.0
30.3
31.7
38.1
29.5
32.4
42.4
26.8
30.8
49.8
25.0
25.2
41.4
25.5
33.1
42.1
26.8
31.1
49.1
25.0
25.9
49.3
25.0
25.7
36.8
26.5
36.7
40.8
28.9
30.3
44.4
26.2
29.4
40.3
25.9
33.8
48.5
25.3
26.2
46.5
26.0
27.5
42.1
25.4
32.5
35.1
29.6
35.3
39.6
27.6
32.8
38.9
29.5
31.6
48.3
25.1
26.6
39.8
28.9
31.3
36.3
30.8
32.9
39.9
27.9
32.2
38.9
28.3
32.8
40.2
25.1
34.7
35.7
28.0
36.3
42.7
27.7
29.6
37.5
25.9
36.6
 t120_02 
 100.0 120 40
37.0
28.6
34.4
36.2
29.4
34.4
46.6
26.3
27.1
48.5
25.3
26.2
37.6
30.4
32.0
41.3
28.8
29.9
37.3
27.7
35.0
42.6
26.3
31.1
48.0
25.5
26.5
38.1
25.9
36.0
39.9
27.2
32.9
42.9
27.4
29.7
39.5
25.8
34.7
46.3
25.7
28.0
49.8
25.0
25.2
41.2
25.8
33.0
49.9
25.0
25.1
45.8
26.7
27.5
35.0
28.3
36.7
43.4
27.7
28.9
37.0
27.3
35.7
49.5
25.0
25.5
46.4
25.4
28.2
36.1
29.0
34.9
35.1
25.1
39.8
37.0
28.7
34.3
42.8
25.7
31.5
44.5
27.2
28.3
44.0
25.4
30.6
43.5
27.9
28.6
45.1
26.8
28.1
43.0
26.1
30.9
36.8
27.4
35.8
42.7
25.0
32.3
44.4
27.0
28.6
49.4
25.0
25.6
36.8
30.0
33.2
49.1
25.3
25.6
42.6
27.4
30.0
49.5
25.0
25.5
 t120_03 
 100.0 120 40
47.0
25.4
27.6
39.3
27.1
33.6
35.4
28.2
36.4
36.6
26.2
37.2
41.8
26.5
31.7
44.2
25.7
30.1
46.3
25.2
28.5
44.7
25.4
29.9
47.3
25.0
27.7
41.2
27.2
31.6
35.1
25.3
39.6
41.5
28.9
29.6
40.3
26.8
32.9
38.1
29.5
32.4
39.7
29.9
30.4
49.9
25.0
25.1
45.7
25.5
28.8
43.7
27.8
28.5
35.4
29.8
34.8
41.2
26.5
32.3
41.9
27.7
30.4
47.1
25.2
27.7
43.4
27.9
28.7
35.4
25.6
39.0
47.6
25.5
26.9
48.0
25.4
26.6
41.8
25.4
32.8
36.9
28.0
35.1
41.1
26.5
32.4
43.2
27.8
29.0
40.6
27.3
32.1
43.9
27.4
28.7
39.3
26.1
34.6
44.4
25.5
30.1
49.9
25.0
25.1
43.9
26.1
30.0
37.4
30.6
32.0
46.7
25.7
27.6
41.0
27.4
31.6
40.5
29.4
30.1
 t120_04 
 100.0 120 40
37.3
26.7
36.0
43.2
27.9
28.9
46.2
26.3
27.5
48.0
25.4
26.6
48.8
25.2
26.0
48.4
25.5
26.1
41.4
26.5
32.1
46.4
26.6
27.0
37.0
28.0
35.0
45.2
27.2
27.6
44.6
26.9
28.5
44.7
26.7
28.6
43.0
25.6
31.4
46.5
26.3
27.2
47.3
25.9
26.8
40.9
28.8
30.3
49.9
25.0
25.1
48.3
25.2
26.5
38.4
28.3
33.3
48.4
25.1
26.5
48.1
25.7
26.2
40.1
29.8
30.1
39.6
28.9
31.5
38.2
25.0
36.8
41.0
25.6
33.4
49.7
25.0
25.3
35.9
31.7
32.4
42.4
25.1
32.5
35.7
30.6
33.7
39.6
25.4
35.0
46.9
25.8
27.3
39.1
27.4
33.5
42.6
27.8
29.6
43.4
26.8
29.8
49.1
25.1
25.8
46.0
26.1
27.9
40.3
28.9
30.8
43.6
26.6
29.8
35.0
32.2
32.8
41.9
26.9
31.2
 t120_05 
 100.0 120 40
43.3
26.0
30.7
49.3
25.2
25.5
41.5
28.0
30.5
45.7
25.3
29.0
49.1
25.1
25.8
37.5
25.4
37.1
40.2
28.9
30.9
41.0
27.5
31.5
39.3
27.5
33.2
46.2
25.9
27.9
41.4
25.4
33.2
35.5
31.2
33.3
47.4
25.8
26.8
42.0
28.2
29.8
45.3
27.2
27.5
40.8
28.9
30.3
41.1
26.0
32.9
36.3
30.3
33.4
44.7
25.5
29.8
47.1
25.6
27.3
49.9
25.0
25.1
42.4
27.7
29.9
46.5
25.7
27.8
37.3
26.9
35.8
49.4
25.0
25.6
41.3
28.1
30.6
46.2
25.7
28.1
43.5
28.0
28.5
48.0
25.0
27.0
38.9
27.1
34.0
46.2
25.4
28.4
46.9
25.9
27.2
35.1
29.1
35.8
38.9
26.8
34.3
38.3
28.2
33.5
39.4
28.8
31.8
39.3
25.8
34.9
48.2
25.7
26.1
36.3
28.2
35.5
42.3
26.4
31.3
 t120_06 
 100.0 120 40
37.7
28.4
33.9
36.6
26.0
37.4
46.9
25.3
27.8
39.7
29.2
31.1
42.9
26.0
31.1
44.8
25.3
29.9
42.8
26.9
30.3
49.1
25.1
25.8
35.7
26.5
37.8
35.0
32.0
33.0
45.3
25.0
29.7
38.0
26.0
36.0
47.1
25.8
27.1
39.1
29.0
31.9
46.5
25.4
28.1
42.0
25.4
32.6
40.4
29.7
29.9
36.4
30.0
33.6
37.0
30.3
32.7
35.8
26.9
37.3
37.1
25.4
37.5
45.1
25.7
29.2
38.0
29.5
32.5
35.7
27.3
37.0
35.9
31.8
32.3
45.7
26.2
28.1
44.1
25.5
30.4
46.8
25.7
27.5
49.1
25.2
25.7
35.9
26.6
37.5
45.9
25.2
28.9
42.7
25.2
32.1
46.1
26.3
27.6
42.5
28.6
28.9
36.0
27.7
36.3
40.2
29.7
30.1
45.5
26.0
28.5
49.3
25.0
25.7
37.8
29.9
32.3
39.0
28.5
32.5
 t120_07 
 100.0 120 40
45.8
25.2
29.0
49.7
25.0
25.3
44.6
27.6
27.8
38.7
27.4
33.9
46.2
26.8
27.0
47.2
25.8
27.0
37.7
27.6
34.7
48.4
25.3
26.3
49.0
25.2
25.8
41.4
25.0
33.6
49.3
25.3
25.4
47.0
25.7
27.3
40.3
26.2
33.5
43.3
27.3
29.4
37.5
27.6
34.9
42.2
27.6
30.2
44.6
27.4
28.0
35.2
31.8
33.0
40.2
26.9
32.9
43.6
25.4
31.0
35.7
26.8
37.5
41.0
26.2
32.8
35.2
27.5
37.3
42.3
26.2
31.5
42.6
26.6
30.8
38.8
25.1
36.1
38.6
27.2
34.2
37.4
25.4
37.2
40.8
28.7
30.5
44.2
25.2
30.6
36.4
30.2
33.4
36.3
26.5
37.2
39.6
29.2
31.2
48.5
25.5
26.0
43.6
25.6
30.8
44.5
27.0
28.5
41.9
27.5
30.6
42.7
25.0
32.3
49.0
25.2
25.8
49.6
25.0
25.4
 t120_08 
 100.0 120 40
35.7
27.1
37.2
48.1
25.1
26.8
42.9
28.5
28.6
45.4
25.7
28.9
39.8
26.8
33.4
38.2
26.4
35.4
42.7
25.1
32.2
47.6
25.1
27.3
36.4
27.6
36.0
40.6
29.0
30.4
35.1
28.0
36.9
41.8
27.0
31.2
37.5
30.9
31.6
41.1
28.8
30.1
42.4
26.1
31.5
46.2
25.7
28.1
41.1
28.4
30.5
44.3
26.8
28.9
37.0
28.4
34.6
46.0
25.1
28.9
39.7
25.7
34.6
37.9
29.6
32.5
44.7
26.9
28.4
46.1
25.9
28.0
49.4
25.1
25.5
48.3
25.0
26.7
47.5
25.8
26.7
40.2
27.7
32.1
39.5
26.9
33.6
43.6
25.5
30.9
41.8
28.5
29.7
40.8
26.6
32.6
35.8
26.4
37.8
47.1
26.1
26.8
46.0
25.0
29.0
36.8
31.5
31.7
43.0
26.9
30.1
47.7
25.2
27.1
44.9
26.3
28.8
48.3
25.4
26.3
 t120_09 
 100.0 120 40
39.4
28.0
32.6
37.0
28.4
34.6
42.7
25.9
31.4
43.0
27.0
30.0
46.2
26.1
27.7
35.6
29.2
35.2
49.8
25.0
25.2
43.2
27.6
29.2
39.1
25.2
35.7
39.7
27.4
32.9
49.0
25.1
25.9
40.8
25.6
33.6
43.4
26.2
30.4
48.2
25.6
26.2
38.7
27.5
33.8
36.2
29.3
34.5
42.8
28.4
28.8
40.8
28.8
30.4
48.0
25.0
27.0
39.4
27.6
33.0
36.1
25.3
38.6
37.5
28.1
34.4
47.8
25.1
27.1
47.8
25.0
27.2
35.6
27.6
36.8
38.7
26.9
34.4
48.6
25.2
26.2
41.4
26.3
32.3
41.0
25.0
34.0
40.0
29.5
30.5
38.2
28.2
33.6
43.4
26.9
29.7
39.5
27.8
32.7
35.3
28.1
36.6
41.9
28.5
29.6
36.2
31.4
32.4
49.5
25.1
25.4
49.9
25.0
25.1
36.4
28.9
34.7
49.8
25.0
25.2
 t120_10 
 100.0 120 40
47.1
25.7
27.2
45.9
26.9
27.2
44.2
26.6
29.2
42.1
27.9
30.0
42.6
25.0
32.4
38.3
30.5
31.2
49.2
25.3
25.5
37.7
28.4
33.9
47.9
25.7
26.4
42.1
28.2
29.7
42.5
25.5
32.0
36.2
27.0
36.8
37.8
27.7
34.5
47.8
25.7
26.5
35.6
29.8
34.6
43.6
26.6
29.8
40.7
28.7
30.6
41.5
28.2
30.3
45.2
26.3
28.5
38.5
26.9
34.6
35.5
30.6
33.9
40.2
29.7
30.1
43.8
26.5
29.7
40.8
28.7
30.5
49.5
25.1
25.4
48.8
25.5
25.7
42.1
25.0
32.9
42.7
28.1
29.2
49.5
25.1
25.4
39.0
29.4
31.6
35.2
28.7
36.1
44.1
25.1
30.8
37.6
26.9
35.5
38.5
27.3
34.2
39.0
25.8
35.2
46.2
26.2
27.6
49.1
25.1
25.8
35.5
31.5
33.0
40.7
27.4
31.9
47.4
25.8
26.8
 t120_11 
 100.0 120 40
41.2
27.5
31.3
46.5
26.4
27.1
44.9
26.4
28.7
45.6
26.8
27.6
40.1
28.8
31.1
40.0
27.5
32.5
39.9
26.9
33.2
47.2
26.2
26.6
43.5
25.7
30.8
36.5
25.8
37.7
49.3
25.1
25.6
48.8
25.2
26.0
38.3
28.8
32.9
38.5
26.6
34.9
44.3
27.7
28.0
48.3
25.6
26.1
44.3
26.5
29.2
49.9
25.0
25.1
35.4
29.6
35.0
49.1
25.3
25.6
35.5
26.8
37.7
36.0
29.7
34.3
46.3
25.6
28.1
37.4
30.0
32.6
37.2
29.1
33.7
40.0
25.3
34.7
42.2
26.8
31.0
39.5
26.7
33.8
45.0
26.2
28.8
42.4
26.6
31.0
40.8
29.1
30.1
49.3
25.2
25.5
37.2
30.8
32.0
39.3
26.3
34.4
48.5
25.1
26.4
40.0
29.5
30.5
42.9
27.5
29.6
46.5
26.2
27.3
37.8
26.1
36.1
49.1
25.1
25.8
 t120_12 
 100.0 120 40
38.3
27.8
33.9
39.1
26.1
34.8
35.7
27.3
37.0
49.5
25.0
25.5
49.2
25.1
25.7
44.7
27.2
28.1
37.5
29.6
32.9
37.7
28.3
34.0
47.3
25.0
27.7
49.5
25.0
25.5
45.7
25.0
29.3
39.5
28.2
32.3
48.6
25.0
26.4
35.8
25.4
38.8
40.0
27.1
32.9
46.0
26.0
28.0
44.6
26.0
29.4
44.7
26.0
29.3
35.6
26.9
37.5
39.8
25.5
34.7
45.5
26.4
28.1
35.4
29.8
34.8
47.3
26.1
26.6
36.1
29.8
34.1
48.8
25.3
25.9
47.6
25.2
27.2
45.0
26.6
28.4
37.7
25.7
36.6
37.9
27.8
34.3
48.0
25.4
26.6
49.3
25.2
25.5
42.1
25.3
32.6
41.1
26.7
32.2
40.8
28.3
30.9
39.7
25.3
35.0
48.4
25.1
26.5
49.8
25.0
25.2
42.9
26.9
30.2
45.0
26.0
29.0
48.2
25.0
26.8
 t120_13 
 100.0 120 40
40.6
26.5
32.9
40.4
25.5
34.1
46.1
25.6
28.3
38.7
29.0
32.3
35.6
29.0
35.4
41.7
26.9
31.4
35.9
31.7
32.4
46.7
25.0
28.3
45.9
25.1
29.0
35.6
26.6
37.8
35.6
31.5
32.9
40.0
26.3
33.7
39.7
27.3
33.0
45.8
26.8
27.4
47.3
25.4
27.3
40.8
28.7
30.5
38.4
29.5
32.1
41.4
26.4
32.2
41.3
27.8
30.9
39.1
29.1
31.8
45.4
26.6
28.0
42.6
26.1
31.3
37.2
27.2
35.6
44.0
25.5
30.5
44.4
25.9
29.7
47.7
25.8
26.5
44.8
25.5
29.7
41.6
26.1
32.3
36.0
27.0
37.0
37.5
25.0
37.5
47.2
26.1
26.7
38.4
25.5
36.1
37.8
26.7
35.5
42.3
27.8
29.9
49.1
25.3
25.6
37.5
27.5
35.0
46.4
26.3
27.3
39.9
26.7
33.4
45.9
26.3
27.8
40.7
29.1
30.2
 t120_14 
 100.0 120 40
38.4
27.6
34.0
44.3
27.5
28.2
41.8
28.0
30.2
43.0
26.1
30.9
47.0
25.9
27.1
42.1
26.6
31.3
38.6
26.4
35.0
37.3
25.4
37.3
35.6
26.2
38.2
49.6
25.0
25.4
39.0
26.0
35.0
38.4
28.0
33.6
35.7
31.1
33.2
48.6
25.6
25.8
36.5
31.6
31.9
36.3
28.4
35.3
44.5
26.1
29.4
49.6
25.0
25.4
47.0
26.1
26.9
35.8
25.4
38.8
48.9
25.1
26.0
39.6
27.3
33.1
49.6
25.1
25.3
45.3
25.7
29.0
40.5
28.9
30.6
41.4
25.7
32.9
44.2
27.1
28.7
43.3
25.4
31.3
41.6
25.6
32.8
49.4
25.1
25.5
48.4
25.1
26.5
40.5
25.9
33.6
48.6
25.6
25.8
41.8
27.3
30.9
41.2
28.3
30.5
40.2
28.9
30.9
45.0
25.2
29.8
40.4
25.3
34.3
44.4
26.7
28.9
36.9
30.2
32.9
 t120_15 
 100.0 120 40
46.5
25.8
27.7
36.7
27.9
35.4
44.3
26.1
29.6
47.9
25.1
27.0
37.2
30.6
32.2
44.3
25.0
30.7
44.6
25.8
29.6
48.7
25.0
26.3
44.6
25.1
30.3
46.3
26.7
27.0
47.2
26.1
26.7
42.6
27.1
30.3
48.4
25.2
26.4
36.3
27.4
36.3
42.2
27.4
30.4
47.3
26.0
26.7
36.2
25.2
38.6
46.9
25.7
27.4
42.6
27.1
30.3
45.8
25.5
28.7
37.3
26.2
36.5
38.7
27.6
33.7
36.2
30.5
33.3
44.3
25.5
30.2
40.8
27.0
32.2
37.8
29.2
33.0
47.2
25.1
27.7
48.3
25.1
26.6
38.7
27.9
33.4
40.4
26.4
33.2
44.0
25.0
31.0
41.1
27.2
31.7
40.0
25.6
34.4
43.3
28.2
28.5
45.3
26.6
28.1
42.5
26.9
30.6
48.2
25.6
26.2
38.6
29.4
32.0
35.7
28.0
36.3
40.0
27.8
32.2
 t120_16 
 100.0 120 40
40.3
26.7
33.0
38.1
28.2
33.7
49.0
25.0
26.0
47.2
25.5
27.3
40.4
27.3
32.3
36.7
25.0
38.3
43.7
26.5
29.8
36.1
25.2
38.7
41.4
25.7
32.9
36.5
29.8
33.7
39.3
29.0
31.7
38.1
27.0
34.9
35.5
31.6
32.9
44.3
27.2
28.5
42.2
25.4
32.4
43.1
28.4
28.5
36.4
27.8
35.8
43.4
25.6
31.0
44.7
27.2
28.1
41.9
26.2
31.9
45.4
26.2
28.4
46.1
26.0
27.9
48.5
25.4
26.1
37.7
25.3
37.0
44.2
25.9
29.9
42.8
28.5
28.7
36.9
26.2
36.9
40.4
29.3
30.3
35.9
26.5
37.6
41.2
26.7
32.1
36.8
25.5
37.7
42.7
27.9
29.4
48.4
25.2
26.4
44.6
26.4
29.0
43.2
27.5
29.3
47.5
26.0
26.5
44.2
26.4
29.4
49.2
25.1
25.7
46.7
25.9
27.4
35.2
25.1
39.7
 t120_17 
 100.0 120 40
41.6
25.4
33.0
39.9
28.2
31.9
42.2
27.4
30.4
44.7
25.7
29.6
45.6
25.6
28.8
45.3
26.2
28.5
49.6
25.1
25.3
39.6
28.5
31.9
43.2
27.9
28.9
47.6
25.7
26.7
44.9
27.1
28.0
48.9
25.2
25.9
45.4
25.4
29.2
47.4
25.7
26.9
39.7
27.9
32.4
41.4
27.9
30.7
49.5
25.1
25.4
38.4
29.4
32.2
35.9
26.3
37.8
49.2
25.2
25.6
40.1
27.6
32.3
47.7
25.7
26.6
43.1
27.3
29.6
35.7
26.6
37.7
47.1
26.0
26.9
47.0
25.5
27.5
37.9
30.0
32.1
45.0
26.7
28.3
42.2
27.0
30.8
39.8
27.0
33.2
44.6
25.8
29.6
44.2
27.2
28.6
38.8
27.5
33.7
38.5
30.1
31.4
47.3
25.8
26.9
43.5
25.9
30.6
43.3
25.3
31.4
49.9
25.0
25.1
36.0
28.8
35.2
44.7
27.4
27.9
 t120_18 
 100.0 120 40
39.8
26.2
34.0
47.7
25.9
26.4
38.5
29.8
31.7
36.6
29.5
33.9
40.8
27.5
31.7
37.0
29.2
33.8
41.0
28.6
30.4
39.3
26.1
34.6
37.3
30.4
32.3
36.9
31.3
31.8
46.9
26.4
26.7
47.3
25.9
26.8
35.5
29.7
34.8
45.7
25.6
28.7
49.5
25.0
25.5
46.0
25.8
28.2
42.1
25.0
32.9
44.4
27.2
28.4
49.9
25.0
25.1
46.1
25.3
28.6
40.7
25.9
33.4
42.4
27.6
30.0
41.7
25.6
32.7
45.3
25.2
29.5
41.8
25.5
32.7
49.5
25.0
25.5
47.6
25.9
26.5
48.8
25.4
25.8
43.8
25.0
31.2
40.0
29.2
30.8
45.5
26.7
27.8
42.8
28.2
29.0
40.8
28.6
30.6
48.8
25.0
26.2
39.1
30.0
30.9
41.8
26.8
31.4
45.8
26.8
27.4
49.3
25.1
25.6
39.5
28.2
32.3
46.6
25.4
28.0
 t120_19 
 100.0 120 40
41.0
25.7
33.3
42.6
27.6
29.8
46.0
26.8
27.2
49.6
25.0
25.4
38.0
27.5
34.5
47.6
25.3
27.1
49.1
25.1
25.8
43.4
27.0
29.6
46.7
25.7
27.6
49.9
25.0
25.1
44.2
27.6
28.2
45.6
25.3
29.1
46.9
26.0
27.1
39.9
29.2
30.9
48.4
25.1
26.5
43.0
26.1
30.9
36.4
26.7
36.9
40.5
26.9
32.6
41.8
27.3
30.9
37.9
30.0
32.1
49.2
25.3
25.5
35.2
31.5
33.3
36.7
25.9
37.4
39.0
29.1
31.9
45.0
26.9
28.1
35.0
32.0
33.0
41.6
25.4
33.0
41.8
27.7
30.5
48.6
25.4
26.0
40.7
25.6
33.7
39.0
30.1
30.9
38.6
27.4
34.0
46.8
25.9
27.3
39.5
29.6
30.9
38.1
28.8
33.1
47.9
25.6
26.5
49.7
25.0
25.3
35.8
27.1
37.1
38.0
27.9
34.1
47.2
25.3
27.5
