20
 t501_00 
 100.0 501 167
36.6
26.8
36.6
43.0
26.3
30.7
41.4
28.7
29.9
49.5
25.1
25.4
47.4
25.2
27.4
37.0
26.9
36.1
47.3
25.2
27.5
47.2
25.9
26.9
44.4
25.8
29.8
43.9
27.3
28.8
44.5
27.2
28.3
41.9
26.1
32.0
36.3
27.1
36.6
35.5
27.3
37.2
46.6
26.2
27.2
35.7
29.2
35.1
39.5
25.5
35.0
35.0
30.3
34.7
45.0
25.2
29.8
41.0
27.5
31.5
40.7
26.0
33.3
36.6
27.1
36.3
35.0
29.4
35.6
48.0
25.3
26.7
44.6
25.9
29.5
37.6
26.7
35.7
36.6
28.2
35.2
47.8
25.6
26.6
42.0
25.1
32.9
43.4
25.2
31.4
47.0
25.4
27.6
49.7
25.0
25.3
49.7
25.0
25.3
44.5
25.4
30.1
41.2
26.3
32.5
40.0
29.8
30.2
36.2
28.2
35.6
40.5
25.9
33.6
39.7
29.0
31.3
48.5
25.3
26.2
36.7
27.4
35.9
35.5
26.3
38.2
47.1
25.8
27.1
46.4
25.9
27.7
42.6
28.1
29.3
49.8
25.0
25.2
39.2
25.7
35.1
48.5
25.1
26.4
44.1
27.2
28.7
39.2
27.5
33.3
35.0
26.4
38.6
49.1
25.1
25.8
43.7
25.5
30.8
47.3
25.1
27.6
41.5
25.5
33.0
49.5
25.0
25.5
48.8
25.3
25.9
48.5
25.5
26.0
41.9
28.7
29.4
46.9
25.0
28.1
38.5
26.9
34.6
49.0
25.2
25.8
46.2
26.4
27.4
49.7
25.0
25.3
42.6
26.2
31.2
44.6
27.4
28.0
39.2
29.4
31.4
49.2
25.0
25.8
49.1
25.0
25.9
36.7
27.6
35.7
49.6
25.1
25.3
40.6
25.2
34.2
44.1
25.4
30.5
48.5
25.4
26.1
37.0
29.3
33.7
42.1
27.1
30.8
39.3
29.7
31.0
47.9
25.0
27.1
48.1
25.0
26.9
48.0
25.5
26.5
36.5
29.1
34.4
42.2
26.0
31.8
40.4
27.8
31.8
39.3
26.3
34.4
43.4
27.5
29.1
48.8
25.3
25.9
46.5
25.3
28.2
46.0
25.9
28.1
44.7
26.9
28.4
45.6
27.1
27.3
44.5
27.5
28.0
47.8
25.5
26.7
41.7
26.5
31.8
45.9
26.7
27.4
39.2
25.4
35.4
49.5
25.1
25.4
41.8
26.1
32.1
36.9
28.2
34.9
37.7
27.6
34.7
35.4
26.5
38.1
40.2
25.6
34.2
49.3
25.3
25.4
47.5
25.9
26.6
43.3
28.0
28.7
49.3
25.2
25.5
42.5
27.4
30.1
40.1
25.9
34.0
41.8
25.8
32.4
44.6
27.0
28.4
48.7
25.4
25.9
39.0
26.7
34.3
49.6
25.0
25.4
48.7
25.4
25.9
36.9
25.4
37.7
42.3
27.0
30.7
36.3
29.7
34.0
37.9
28.2
33.9
39.4
25.4
35.2
38.1
27.2
34.7
48.4
25.6
26.0
36.9
29.1
34.0
43.3
26.8
29.9
46.7
26.2
27.1
37.5
30.1
32.4
44.3
27.4
28.3
42.1
27.3
30.6
35.9
30.7
33.4
42.5
25.8
31.7
41.8
25.1
33.1
37.5
28.7
33.8
35.0
27.4
37.6
46.3
25.2
28.5
45.7
25.8
28.5
49.0
25.3
25.7
35.6
25.0
39.4
47.9
25.8
26.3
45.6
25.9
28.5
48.3
25.5
26.2
37.5
29.2
33.3
49.8
25.0
25.2
35.6
29.8
34.6
39.5
26.2
34.3
39.8
26.9
33.3
37.3
28.0
34.7
38.1
29.6
32.3
45.1
25.1
29.8
36.4
25.3
38.3
43.7
25.0
31.3
47.8
25.8
26.4
41.9
25.5
32.6
36.2
25.7
38.1
41.8
28.7
29.5
45.5
27.0
27.5
42.5
28.5
29.0
46.7
25.8
27.5
40.6
27.4
32.0
37.2
28.8
34.0
48.0
25.3
26.7
41.0
29.4
29.6
44.5
25.6
29.9
39.9
27.2
32.9
41.7
27.1
31.2
49.8
25.0
25.2
41.3
25.6
33.1
47.5
25.2
27.3
44.2
26.9
28.9
45.6
25.3
29.1
 t501_01 
 100.0 501 167
41.4
25.5
33.1
42.6
25.4
32.0
45.9
26.9
27.2
40.6
29.6
29.8
48.8
25.4
25.8
49.1
25.1
25.8
37.0
27.1
35.9
46.5
25.6
27.9
36.0
31.8
32.2
46.2
26.7
27.1
43.7
27.6
28.7
44.5
25.2
30.3
48.8
25.5
25.7
40.4
28.4
31.2
35.7
28.3
36.0
40.5
26.0
33.5
44.3
26.6
29.1
48.5
25.4
26.1
35.7
30.2
34.1
40.7
27.0
32.3
46.9
26.4
26.7
44.9
27.1
28.0
43.2
26.6
30.2
48.8
25.2
26.0
46.6
25.7
27.7
49.6
25.1
25.3
40.4
27.7
31.9
37.4
29.9
32.7
44.0
26.4
29.6
38.5
28.6
32.9
47.4
25.1
27.5
36.7
27.1
36.2
35.9
25.1
39.0
38.7
27.9
33.4
35.0
32.4
32.6
36.0
26.7
37.3
35.8
29.0
35.2
49.5
25.1
25.4
42.2
26.4
31.4
44.0
26.4
29.6
46.8
26.1
27.1
41.1
25.8
33.1
44.9
25.5
29.6
44.3
26.2
29.5
48.8
25.2
26.0
43.1
28.1
28.8
42.4
25.5
32.1
41.6
26.1
32.3
36.5
26.6
36.9
35.5
30.0
34.5
40.7
28.6
30.7
42.2
25.7
32.1
40.1
27.2
32.7
39.8
29.9
30.3
45.3
26.9
27.8
44.3
27.4
28.3
37.4
30.5
32.1
45.2
25.4
29.4
42.3
27.1
30.6
47.5
25.5
27.0
46.9
25.2
27.9
38.9
25.2
35.9
46.1
26.4
27.5
42.4
26.2
31.4
43.5
25.3
31.2
41.1
28.4
30.5
42.4
27.8
29.8
46.7
26.2
27.1
39.2
26.8
34.0
48.7
25.1
26.2
39.6
28.5
31.9
48.6
25.0
26.4
46.2
26.7
27.1
38.4
29.3
32.3
49.4
25.1
25.5
47.2
25.8
27.0
43.5
25.3
31.2
48.2
25.4
26.4
45.1
25.1
29.8
40.4
28.4
31.2
39.7
28.4
31.9
47.5
26.1
26.4
43.4
28.1
28.5
36.0
25.7
38.3
47.5
25.2
27.3
39.2
30.1
30.7
45.3
26.1
28.6
43.5
27.9
28.6
44.8
25.1
30.1
45.7
26.5
27.8
45.5
26.7
27.8
47.6
25.2
27.2
39.6
25.3
35.1
40.7
26.4
32.9
42.8
25.2
32.0
38.5
27.6
33.9
37.8
27.2
35.0
48.5
25.4
26.1
45.1
26.1
28.8
35.6
29.1
35.3
42.6
27.8
29.6
41.9
25.0
33.1
43.3
28.1
28.6
36.1
31.0
32.9
41.7
28.5
29.8
35.3
28.1
36.6
38.6
28.9
32.5
44.0
27.7
28.3
47.4
25.2
27.4
42.4
26.3
31.3
49.4
25.2
25.4
47.6
25.4
27.0
41.3
25.0
33.7
45.5
26.3
28.2
42.8
28.2
29.0
35.3
26.1
38.6
41.7
27.4
30.9
46.4
26.4
27.2
48.2
25.7
26.1
39.1
30.2
30.7
48.3
25.0
26.7
44.7
25.6
29.7
36.0
28.1
35.9
39.3
29.1
31.6
36.0
26.9
37.1
35.3
29.6
35.1
44.7
26.4
28.9
49.0
25.2
25.8
42.6
28.2
29.2
46.0
25.8
28.2
48.6
25.5
25.9
46.3
25.7
28.0
41.1
27.3
31.6
41.9
28.4
29.7
48.5
25.3
26.2
38.6
26.2
35.2
40.7
27.8
31.5
45.5
26.9
27.6
45.8
25.7
28.5
49.8
25.0
25.2
36.4
28.9
34.7
49.3
25.1
25.6
44.2
25.5
30.3
47.7
26.0
26.3
47.6
25.7
26.7
37.0
30.0
33.0
41.5
25.3
33.2
45.1
26.2
28.7
39.8
27.6
32.6
49.0
25.2
25.8
44.4
27.0
28.6
46.1
26.0
27.9
48.1
25.8
26.1
41.3
28.0
30.7
45.6
25.8
28.6
42.4
27.7
29.9
47.5
25.2
27.3
46.1
26.5
27.4
39.5
25.1
35.4
40.7
27.2
32.1
44.2
27.6
28.2
46.7
25.4
27.9
37.1
29.3
33.6
43.4
28.0
28.6
48.2
25.7
26.1
43.2
26.6
30.2
42.4
28.0
29.6
 t501_02 
 100.0 501 167
35.5
29.8
34.7
45.5
25.4
29.1
48.4
25.0
26.6
45.1
25.9
29.0
44.7
25.9
29.4
46.2
26.3
27.5
46.1
26.3
27.6
43.7
25.4
30.9
42.5
25.9
31.6
44.7
26.1
29.2
48.0
25.7
26.3
46.4
25.5
28.1
44.7
25.8
29.5
41.2
25.5
33.3
39.4
29.7
30.9
39.4
27.5
33.1
35.0
29.7
35.3
47.7
25.1
27.2
41.0
27.8
31.2
43.0
25.9
31.1
41.5
26.9
31.6
40.8
29.1
30.1
37.0
28.6
34.4
42.9
27.7
29.4
39.2
25.7
35.1
41.8
26.3
31.9
42.4
25.3
32.3
35.9
26.6
37.5
37.3
25.9
36.8
44.9
25.1
30.0
40.1
28.6
31.3
35.7
27.1
37.2
44.2
27.0
28.8
37.4
27.1
35.5
42.6
28.2
29.2
41.2
25.3
33.5
37.1
26.3
36.6
36.1
28.3
35.6
45.8
26.9
27.3
44.1
27.6
28.3
37.8
29.3
32.9
48.6
25.6
25.8
44.5
27.6
27.9
41.0
27.8
31.2
44.8
25.9
29.3
47.1
25.8
27.1
37.8
28.4
33.8
35.4
27.9
36.7
36.9
28.2
34.9
37.5
28.1
34.4
35.2
27.5
37.3
45.7
25.3
29.0
41.1
25.0
33.9
48.6
25.5
25.9
46.4
26.4
27.2
48.8
25.3
25.9
36.3
26.1
37.6
36.4
26.1
37.5
41.7
27.6
30.7
36.0
28.4
35.6
38.2
29.9
31.9
43.0
28.3
28.7
36.2
28.7
35.1
49.1
25.3
25.6
44.1
26.6
29.3
44.1
26.1
29.8
39.3
28.5
32.2
40.6
25.1
34.3
49.3
25.1
25.6
42.7
25.6
31.7
38.3
26.2
35.5
46.4
26.7
26.9
39.2
26.9
33.9
37.4
28.5
34.1
35.0
32.0
33.0
41.5
25.8
32.7
37.0
29.7
33.3
45.2
26.7
28.1
47.0
25.9
27.1
39.4
27.5
33.1
36.8
30.7
32.5
39.3
25.3
35.4
39.6
26.6
33.8
42.6
27.0
30.4
40.1
27.4
32.5
46.4
25.7
27.9
44.2
25.9
29.9
47.2
26.3
26.5
35.5
28.7
35.8
46.8
26.0
27.2
40.6
29.2
30.2
43.1
26.9
30.0
42.3
26.7
31.0
43.4
27.7
28.9
44.2
27.6
28.2
44.6
27.6
27.8
47.8
25.7
26.5
41.2
29.3
29.5
41.2
27.9
30.9
45.1
26.9
28.0
48.2
25.6
26.2
41.8
25.5
32.7
37.6
25.6
36.8
39.9
28.7
31.4
47.2
25.9
26.9
43.8
26.8
29.4
47.2
25.2
27.6
47.2
25.8
27.0
39.2
26.8
34.0
44.3
26.6
29.1
40.5
27.0
32.5
49.0
25.2
25.8
36.7
28.0
35.3
43.7
25.5
30.8
45.6
26.2
28.2
49.9
25.0
25.1
45.3
25.2
29.5
35.1
30.5
34.4
43.2
27.7
29.1
47.3
25.2
27.5
45.3
26.2
28.5
40.6
29.0
30.4
36.0
27.3
36.7
42.5
27.2
30.3
39.1
25.8
35.1
49.3
25.0
25.7
38.7
29.1
32.2
49.8
25.0
25.2
36.2
25.3
38.5
40.6
28.7
30.7
43.4
26.6
30.0
35.3
26.5
38.2
41.9
28.6
29.5
46.0
26.0
28.0
45.6
26.9
27.5
47.8
25.6
26.6
39.6
25.1
35.3
47.7
26.1
26.2
44.2
27.3
28.5
43.2
28.0
28.8
35.5
28.7
35.8
47.5
25.2
27.3
37.3
30.6
32.1
43.4
25.8
30.8
37.4
30.9
31.7
37.8
29.7
32.5
35.8
26.2
38.0
36.2
30.6
33.2
35.2
25.5
39.3
45.5
25.0
29.5
47.6
25.3
27.1
45.7
25.9
28.4
37.3
30.6
32.1
36.1
25.4
38.5
39.7
27.8
32.5
38.9
25.1
36.0
40.5
27.3
32.2
38.9
29.4
31.7
40.4
27.3
32.3
45.2
26.1
28.7
45.8
26.3
27.9
43.2
28.2
28.6
35.3
27.0
37.7
38.3
26.6
35.1
38.9
29.0
32.1
44.3
27.5
28.2
39.1
27.1
33.8
 t501_03 
 100.0 501 167
49.7
25.0
25.3
35.4
31.3
33.3
47.9
25.9
26.2
41.6
28.9
29.5
41.3
28.5
30.2
41.0
25.5
33.5
47.0
25.7
27.3
35.7
27.4
36.9
36.1
26.9
37.0
39.2
29.3
31.5
43.5
26.8
29.7
47.5
26.0
26.5
40.8
28.9
30.3
40.8
27.0
32.2
35.3
32.2
32.5
35.3
29.4
35.3
41.8
28.4
29.8
37.8
28.1
34.1
39.2
30.1
30.7
48.9
25.4
25.7
48.6
25.3
26.1
39.2
30.2
30.6
36.5
28.0
35.5
44.0
27.4
28.6
41.4
28.1
30.5
37.4
30.0
32.6
37.6
25.7
36.7
45.7
26.0
28.3
41.7
29.0
29.3
47.5
26.1
26.4
36.0
28.2
35.8
38.4
29.1
32.5
46.8
26.5
26.7
45.5
25.9
28.6
48.0
25.2
26.8
37.1
29.1
33.8
39.5
28.7
31.8
37.6
27.1
35.3
38.3
29.9
31.8
37.7
26.6
35.7
38.2
28.8
33.0
49.4
25.2
25.4
46.5
25.2
28.3
39.9
27.5
32.6
41.6
26.8
31.6
47.4
25.4
27.2
46.6
26.3
27.1
36.9
28.1
35.0
47.7
25.6
26.7
46.3
26.4
27.3
42.3
27.2
30.5
35.9
30.1
34.0
49.4
25.1
25.5
46.6
26.1
27.3
43.4
25.4
31.2
41.9
28.8
29.3
49.9
25.0
25.1
46.9
25.4
27.7
35.2
31.6
33.2
42.6
25.2
32.2
40.7
27.1
32.2
42.8
26.0
31.2
47.6
25.7
26.7
38.7
25.4
35.9
35.0
28.1
36.9
45.2
25.2
29.6
37.5
29.9
32.6
39.4
27.8
32.8
46.0
26.7
27.3
36.4
25.8
37.8
40.8
26.7
32.5
49.5
25.0
25.5
37.9
28.7
33.4
43.9
25.9
30.2
38.7
28.7
32.6
37.3
25.6
37.1
46.5
26.1
27.4
46.3
26.5
27.2
36.7
28.4
34.9
41.0
29.1
29.9
43.5
27.6
28.9
43.8
25.8
30.4
39.8
28.7
31.5
37.5
27.0
35.5
40.0
25.5
34.5
46.2
25.5
28.3
37.7
28.6
33.7
48.5
25.2
26.3
36.8
25.9
37.3
42.3
27.5
30.2
44.9
27.2
27.9
39.7
28.1
32.2
45.3
25.2
29.5
43.4
26.6
30.0
41.9
27.9
30.2
43.5
25.4
31.1
45.0
27.2
27.8
38.2
27.2
34.6
43.7
25.1
31.2
43.8
25.8
30.4
43.4
25.8
30.8
40.7
29.6
29.7
41.7
26.1
32.2
36.9
31.1
32.0
47.9
25.0
27.1
43.5
27.8
28.7
44.3
26.6
29.1
42.5
25.2
32.3
37.8
26.7
35.5
44.8
26.5
28.7
49.8
25.0
25.2
35.6
29.9
34.5
40.9
27.7
31.4
36.9
26.3
36.8
43.7
26.2
30.1
48.9
25.2
25.9
37.3
28.7
34.0
38.2
29.2
32.6
39.6
29.5
30.9
38.6
28.7
32.7
35.1
25.7
39.2
43.8
25.5
30.7
44.4
25.3
30.3
47.5
25.5
27.0
41.2
25.3
33.5
37.6
30.5
31.9
38.4
25.6
36.0
37.1
26.9
36.0
45.8
26.5
27.7
35.6
28.4
36.0
48.7
25.1
26.2
35.9
28.2
35.9
40.8
26.3
32.9
44.3
26.4
29.3
46.6
26.6
26.8
49.2
25.3
25.5
42.6
25.0
32.4
38.0
27.2
34.8
45.4
25.1
29.5
42.1
25.4
32.5
43.2
26.2
30.6
39.1
26.0
34.9
39.1
26.3
34.6
47.3
25.0
27.7
44.1
26.4
29.5
47.3
25.7
27.0
42.8
26.7
30.5
44.1
26.6
29.3
44.7
27.3
28.0
44.3
25.4
30.3
46.2
26.1
27.7
38.3
28.6
33.1
37.6
28.2
34.2
45.4
26.9
27.7
40.2
27.3
32.5
44.6
25.8
29.6
49.7
25.0
25.3
41.0
25.4
33.6
44.5
25.8
29.7
46.6
25.7
27.7
44.0
26.1
29.9
38.2
28.3
33.5
44.0
25.9
30.1
42.9
25.8
31.3
35.2
31.8
33.0
45.2
25.5
29.3
42.8
25.3
31.9
 t501_04 
 100.0 501 167
40.3
26.7
33.0
43.2
25.3
31.5
48.1
25.4
26.5
46.1
25.6
28.3
38.0
26.9
35.1
36.6
28.3
35.1
36.9
31.3
31.8
43.9
25.5
30.6
40.1
25.3
34.6
44.8
26.9
28.3
42.8
28.0
29.2
41.0
27.8
31.2
48.5
25.6
25.9
40.4
29.4
30.2
46.0
26.4
27.6
42.4
27.0
30.6
43.8
26.4
29.8
39.8
28.2
32.0
39.9
26.1
34.0
42.2
25.3
32.5
46.5
25.3
28.2
37.5
28.3
34.2
35.3
25.5
39.2
41.7
25.7
32.6
47.7
25.7
26.6
42.8
25.3
31.9
43.5
25.3
31.2
47.1
25.5
27.4
45.9
25.3
28.8
38.1
29.3
32.6
42.6
25.8
31.6
36.4
26.6
37.0
36.0
26.9
37.1
46.6
26.0
27.4
39.8
28.8
31.4
42.2
26.3
31.5
45.5
26.4
28.1
46.5
26.7
26.8
49.9
25.0
25.1
46.0
25.7
28.3
39.5
27.4
33.1
38.0
28.0
34.0
38.0
28.5
33.5
44.4
27.4
28.2
40.3
25.7
34.0
36.6
29.3
34.1
48.5
25.4
26.1
38.1
28.9
33.0
42.9
25.5
31.6
44.7
25.5
29.8
38.9
26.5
34.6
45.4
25.1
29.5
37.5
28.2
34.3
48.6
25.6
25.8
46.1
26.3
27.6
43.0
25.8
31.2
42.2
28.0
29.8
40.9
28.5
30.6
37.6
28.0
34.4
48.7
25.2
26.1
37.5
28.7
33.8
37.2
26.8
36.0
39.4
28.1
32.5
38.2
25.3
36.5
39.5
26.3
34.2
39.5
28.5
32.0
44.2
26.4
29.4
43.6
28.0
28.4
42.5
25.2
32.3
37.1
25.2
37.7
45.0
26.6
28.4
42.5
25.2
32.3
47.0
26.4
26.6
41.7
25.4
32.9
48.3
25.0
26.7
39.0
26.8
34.2
48.6
25.4
26.0
45.6
26.4
28.0
48.6
25.1
26.3
36.5
30.4
33.1
37.2
29.0
33.8
35.2
26.5
38.3
42.8
27.7
29.5
36.8
28.2
35.0
40.3
26.5
33.2
37.1
29.6
33.3
39.9
26.6
33.5
40.6
26.8
32.6
49.8
25.0
25.2
48.6
25.6
25.8
40.8
28.0
31.2
42.2
26.9
30.9
45.5
26.1
28.4
49.0
25.0
26.0
46.6
25.9
27.5
46.2
25.3
28.5
41.5
27.4
31.1
35.9
28.0
36.1
39.6
26.3
34.1
47.9
25.8
26.3
40.1
28.2
31.7
38.5
28.5
33.0
35.6
26.9
37.5
47.9
25.7
26.4
38.4
27.5
34.1
37.1
28.6
34.3
44.7
25.7
29.6
39.4
26.3
34.3
49.3
25.1
25.6
46.5
25.8
27.7
39.7
27.3
33.0
42.6
28.3
29.1
42.7
26.6
30.7
45.2
25.6
29.2
47.4
25.8
26.8
41.2
28.9
29.9
47.1
25.4
27.5
49.5
25.1
25.4
42.3
27.6
30.1
42.1
27.7
30.2
49.1
25.3
25.6
37.4
30.7
31.9
47.0
25.6
27.4
36.3
26.0
37.7
49.9
25.0
25.1
38.2
30.0
31.8
42.8
25.2
32.0
40.8
25.7
33.5
45.6
27.0
27.4
39.4
29.8
30.8
35.7
28.3
36.0
38.0
29.4
32.6
39.3
29.1
31.6
41.0
26.2
32.8
44.0
26.4
29.6
48.8
25.3
25.9
48.7
25.2
26.1
46.3
26.4
27.3
41.8
28.8
29.4
35.4
27.8
36.8
45.3
25.9
28.8
39.7
27.9
32.4
38.5
25.5
36.0
36.3
26.7
37.0
45.4
26.7
27.9
35.6
31.8
32.6
39.7
27.2
33.1
35.3
28.8
35.9
35.1
27.0
37.9
35.0
25.9
39.1
47.3
25.4
27.3
40.9
27.2
31.9
35.2
31.8
33.0
41.2
27.8
31.0
40.1
25.8
34.1
44.6
26.4
29.0
42.5
28.6
28.9
44.9
26.0
29.1
48.5
25.0
26.5
37.0
26.1
36.9
48.4
25.5
26.1
46.3
25.6
28.1
38.2
28.1
33.7
42.0
26.7
31.3
38.7
29.7
31.6
49.8
25.0
25.2
49.3
25.2
25.5
 t501_05 
 100.0 501 167
41.2
25.5
33.3
46.1
26.7
27.2
41.7
26.5
31.8
47.6
25.3
27.1
46.1
25.2
28.7
43.3
26.2
30.5
37.6
31.0
31.4
45.0
25.7
29.3
44.2
25.5
30.3
47.2
25.7
27.1
40.7
26.4
32.9
43.7
26.8
29.5
37.4
27.6
35.0
41.6
27.9
30.5
36.7
31.1
32.2
49.8
25.0
25.2
38.2
29.6
32.2
39.4
28.2
32.4
48.5
25.3
26.2
35.1
28.2
36.7
44.1
27.6
28.3
45.7
25.6
28.7
42.6
26.1
31.3
38.1
25.3
36.6
37.7
30.8
31.5
42.9
26.1
31.0
38.8
29.3
31.9
40.4
27.5
32.1
48.5
25.3
26.2
48.5
25.2
26.3
45.4
25.5
29.1
46.8
25.8
27.4
43.6
25.9
30.5
48.1
25.7
26.2
43.9
27.7
28.4
49.8
25.0
25.2
43.8
27.6
28.6
35.6
27.2
37.2
44.3
27.7
28.0
43.1
27.5
29.4
39.5
29.8
30.7
42.7
27.8
29.5
40.3
26.9
32.8
45.2
27.1
27.7
49.5
25.0
25.5
37.9
27.4
34.7
40.0
25.9
34.1
44.4
25.0
30.6
48.9
25.2
25.9
48.6
25.4
26.0
48.0
25.7
26.3
46.4
26.2
27.4
38.0
25.1
36.9
37.8
30.0
32.2
42.4
27.8
29.8
47.3
25.0
27.7
45.6
27.1
27.3
35.9
30.0
34.1
47.8
25.4
26.8
42.9
28.2
28.9
48.9
25.0
26.1
47.2
25.8
27.0
42.7
27.9
29.4
46.0
25.3
28.7
38.4
25.8
35.8
45.2
27.3
27.5
42.6
27.9
29.5
41.1
26.9
32.0
46.1
25.4
28.5
44.8
27.3
27.9
35.6
29.6
34.8
36.0
30.5
33.5
45.2
25.6
29.2
44.0
26.1
29.9
35.3
27.8
36.9
39.4
29.7
30.9
35.5
28.0
36.5
36.5
28.8
34.7
47.6
25.2
27.2
44.9
25.0
30.1
38.3
25.5
36.2
46.4
26.2
27.4
48.8
25.5
25.7
40.8
28.4
30.8
46.2
25.2
28.6
44.4
25.3
30.3
47.6
25.9
26.5
47.4
25.5
27.1
47.3
25.8
26.9
47.9
25.0
27.1
39.5
28.6
31.9
47.1
25.5
27.4
39.8
25.0
35.2
46.5
25.8
27.7
37.5
25.9
36.6
43.9
25.1
31.0
38.1
26.5
35.4
35.7
25.3
39.0
36.7
26.6
36.7
36.2
27.5
36.3
39.8
28.8
31.4
42.0
25.1
32.9
45.7
26.2
28.1
48.4
25.4
26.2
38.2
28.4
33.4
39.8
25.8
34.4
38.1
26.5
35.4
40.1
25.8
34.1
38.1
26.2
35.7
47.8
25.4
26.8
40.8
29.5
29.7
45.8
25.1
29.1
43.4
25.2
31.4
41.7
25.6
32.7
40.8
29.5
29.7
38.7
28.5
32.8
35.8
29.1
35.1
44.9
25.7
29.4
42.4
26.4
31.2
37.3
28.9
33.8
47.4
25.0
27.6
36.3
26.8
36.9
35.4
31.8
32.8
41.4
26.6
32.0
47.3
25.4
27.3
46.0
26.2
27.8
46.5
25.7
27.8
49.1
25.3
25.6
44.3
27.0
28.7
42.9
27.0
30.1
47.9
25.0
27.1
43.7
27.5
28.8
49.6
25.0
25.4
42.9
28.4
28.7
41.3
25.3
33.4
39.3
29.2
31.5
40.2
26.4
33.4
37.5
25.0
37.5
43.0
26.2
30.8
45.3
26.3
28.4
46.0
26.5
27.5
35.0
30.7
34.3
40.5
29.5
30.0
43.4
25.9
30.7
38.9
28.1
33.0
46.2
26.3
27.5
35.6
31.0
33.4
48.4
25.4
26.2
39.2
26.3
34.5
46.7
25.5
27.8
48.8
25.5
25.7
49.0
25.3
25.7
35.4
27.9
36.7
45.4
26.0
28.6
38.7
29.3
32.0
43.0
28.1
28.9
47.0
25.7
27.3
42.3
27.8
29.9
35.5
31.6
32.9
49.0
25.0
26.0
41.2
25.3
33.5
35.0
30.1
34.9
44.6
26.2
29.2
38.1
27.4
34.5
44.0
26.4
29.6
40.4
27.3
32.3
49.8
25.0
25.2
 t501_06 
 100.0 501 167
36.3
27.4
36.3
36.4
29.1
34.5
39.6
27.4
33.0
44.3
27.7
28.0
47.7
25.9
26.4
41.4
28.2
30.4
43.5
26.5
30.0
41.7
28.3
30.0
46.7
25.2
28.1
38.3
25.3
36.4
42.0
25.7
32.3
49.8
25.0
25.2
45.2
26.7
28.1
47.9
25.7
26.4
36.2
27.8
36.0
36.4
26.0
37.6
39.9
26.7
33.4
44.1
26.1
29.8
38.9
28.2
32.9
38.6
26.1
35.3
39.8
27.0
33.2
45.9
26.6
27.5
37.4
28.0
34.6
41.8
27.7
30.5
45.8
26.3
27.9
48.2
25.3
26.5
36.2
31.3
32.5
48.7
25.0
26.3
42.1
26.5
31.4
35.2
31.4
33.4
45.6
25.9
28.5
39.4
29.8
30.8
46.5
25.7
27.8
42.7
25.6
31.7
35.5
30.1
34.4
47.4
25.2
27.4
47.0
26.2
26.8
44.8
25.1
30.1
39.9
25.2
34.9
49.7
25.0
25.3
38.1
29.8
32.1
40.7
27.7
31.6
43.5
26.1
30.4
43.9
27.3
28.8
35.7
27.4
36.9
37.4
25.4
37.2
38.7
27.4
33.9
43.0
27.4
29.6
41.3
27.6
31.1
46.5
25.7
27.8
45.7
25.2
29.1
35.8
30.5
33.7
45.6
26.4
28.0
48.6
25.0
26.4
39.3
27.1
33.6
37.6
29.9
32.5
46.5
26.6
26.9
36.4
31.7
31.9
46.7
25.8
27.5
40.4
27.9
31.7
39.7
29.6
30.7
40.3
27.4
32.3
38.4
28.5
33.1
37.7
30.1
32.2
36.2
28.6
35.2
42.6
27.3
30.1
41.4
25.7
32.9
41.3
28.3
30.4
35.3
27.1
37.6
42.6
25.0
32.4
39.0
27.1
33.9
36.2
26.0
37.8
35.4
26.5
38.1
48.0
25.6
26.4
35.6
28.8
35.6
38.8
25.2
36.0
42.7
25.0
32.3
36.8
29.3
33.9
36.0
31.4
32.6
37.0
28.1
34.9
38.2
27.7
34.1
49.0
25.2
25.8
39.3
28.1
32.6
45.1
26.2
28.7
49.4
25.2
25.4
40.9
28.3
30.8
37.5
28.1
34.4
47.9
25.9
26.2
43.4
27.8
28.8
36.8
29.5
33.7
40.2
25.8
34.0
40.5
27.1
32.4
39.3
30.0
30.7
42.6
27.6
29.8
40.5
26.9
32.6
45.2
26.1
28.7
42.1
27.9
30.0
36.5
29.8
33.7
36.7
25.8
37.5
39.9
28.9
31.2
46.7
25.1
28.2
37.6
27.9
34.5
35.2
30.9
33.9
43.0
28.3
28.7
35.2
31.4
33.4
35.2
25.1
39.7
48.0
25.0
27.0
42.8
26.1
31.1
44.8
25.7
29.5
49.8
25.0
25.2
41.9
26.3
31.8
42.4
26.3
31.3
49.0
25.1
25.9
48.6
25.2
26.2
41.0
25.1
33.9
44.0
25.5
30.5
42.7
26.6
30.7
47.8
25.0
27.2
44.0
25.8
30.2
47.6
25.6
26.8
36.8
25.2
38.0
47.4
26.1
26.5
47.3
26.0
26.7
44.0
27.8
28.2
42.7
26.7
30.6
38.8
27.5
33.7
47.3
25.3
27.4
39.5
29.5
31.0
40.8
27.4
31.8
41.3
28.3
30.4
45.4
25.3
29.3
37.8
29.5
32.7
39.2
29.6
31.2
46.8
25.5
27.7
46.8
25.3
27.9
40.1
28.6
31.3
42.5
28.6
28.9
37.5
25.2
37.3
48.7
25.1
26.2
40.9
25.5
33.6
44.5
25.4
30.1
44.8
26.5
28.7
49.7
25.0
25.3
41.6
26.2
32.2
46.6
25.1
28.3
40.4
27.2
32.4
49.4
25.2
25.4
49.3
25.1
25.6
36.0
29.9
34.1
44.7
27.4
27.9
36.4
27.8
35.8
46.8
25.3
27.9
40.4
27.3
32.3
38.2
30.0
31.8
38.9
25.2
35.9
46.4
26.5
27.1
49.1
25.1
25.8
41.5
28.8
29.7
45.5
25.6
28.9
48.4
25.6
26.0
46.7
25.7
27.6
35.9
29.1
35.0
42.9
26.1
31.0
38.8
30.0
31.2
42.3
28.5
29.2
36.7
27.6
35.7
49.9
25.0
25.1
 t501_07 
 100.0 501 167
44.1
27.0
28.9
47.7
26.0
26.3
46.0
26.7
27.3
39.2
25.3
35.5
45.6
25.0
29.4
40.2
28.7
31.1
36.3
30.5
33.2
44.8
26.9
28.3
43.0
25.6
31.4
37.6
25.0
37.4
43.3
25.1
31.6
36.8
28.0
35.2
40.8
25.1
34.1
42.8
26.3
30.9
42.1
27.6
30.3
43.0
25.1
31.9
48.6
25.1
26.3
38.1
25.0
36.9
40.4
25.3
34.3
47.0
25.8
27.2
39.5
28.8
31.7
43.3
27.2
29.5
43.4
28.0
28.6
47.0
25.0
28.0
49.2
25.3
25.5
48.3
25.1
26.6
45.2
26.8
28.0
38.5
27.1
34.4
48.4
25.7
25.9
48.4
25.6
26.0
44.2
26.8
29.0
46.2
25.6
28.2
45.1
25.6
29.3
37.0
27.3
35.7
36.6
28.9
34.5
46.5
26.4
27.1
45.7
26.9
27.4
38.0
29.5
32.5
42.9
26.3
30.8
39.1
25.5
35.4
49.1
25.0
25.9
46.6
26.6
26.8
40.8
27.4
31.8
45.4
27.0
27.6
40.0
29.1
30.9
40.7
28.5
30.8
49.4
25.0
25.6
38.3
27.7
34.0
37.5
28.0
34.5
45.6
25.8
28.6
41.0
26.0
33.0
39.2
28.0
32.8
47.9
25.3
26.8
40.3
25.0
34.7
47.9
25.0
27.1
48.9
25.3
25.8
49.3
25.0
25.7
39.3
30.1
30.6
44.6
25.9
29.5
41.5
25.3
33.2
49.2
25.1
25.7
41.7
25.8
32.5
46.3
26.6
27.1
48.0
25.4
26.6
35.9
26.9
37.2
46.5
26.2
27.3
44.9
26.2
28.9
37.4
28.6
34.0
46.7
25.6
27.7
43.8
25.3
30.9
39.7
29.1
31.2
37.1
31.1
31.8
46.5
25.3
28.2
45.0
25.0
30.0
41.6
27.7
30.7
39.0
29.0
32.0
37.5
30.1
32.4
42.3
28.4
29.3
36.7
29.7
33.6
38.2
29.0
32.8
39.6
29.8
30.6
49.3
25.0
25.7
36.4
26.7
36.9
36.6
28.4
35.0
49.5
25.0
25.5
43.3
26.7
30.0
44.5
26.5
29.0
47.7
26.0
26.3
35.5
29.6
34.9
45.0
26.0
29.0
39.1
26.4
34.5
38.8
26.1
35.1
41.7
28.1
30.2
47.9
25.7
26.4
38.4
26.5
35.1
40.7
28.4
30.9
36.0
26.6
37.4
45.2
27.2
27.6
38.2
27.8
34.0
37.8
27.9
34.3
39.4
26.2
34.4
41.9
28.6
29.5
38.8
29.6
31.6
47.0
25.1
27.9
40.4
29.6
30.0
45.8
25.2
29.0
35.0
27.4
37.6
41.4
27.9
30.7
49.9
25.0
25.1
42.8
26.8
30.4
40.3
26.6
33.1
39.1
28.3
32.6
47.7
25.1
27.2
39.4
26.9
33.7
44.9
25.1
30.0
46.1
25.2
28.7
36.1
26.8
37.1
47.5
25.4
27.1
36.7
30.8
32.5
42.1
27.6
30.3
46.5
25.7
27.8
49.7
25.0
25.3
46.9
25.5
27.6
49.9
25.0
25.1
36.9
25.9
37.2
39.5
26.2
34.3
42.7
27.3
30.0
40.5
29.0
30.5
41.6
25.6
32.8
43.1
26.0
30.9
45.5
27.1
27.4
43.7
25.3
31.0
47.1
25.6
27.3
39.9
29.5
30.6
42.1
25.5
32.4
40.9
25.6
33.5
37.1
26.5
36.4
35.4
31.1
33.5
43.7
25.1
31.2
35.0
30.6
34.4
41.2
28.9
29.9
37.0
28.7
34.3
46.6
26.3
27.1
47.0
26.3
26.7
36.0
31.8
32.2
36.1
30.4
33.5
46.6
26.3
27.1
35.7
28.8
35.5
39.2
29.1
31.7
42.9
25.9
31.2
36.6
30.1
33.3
42.0
28.9
29.1
46.7
26.1
27.2
39.7
26.3
34.0
43.1
25.2
31.7
49.4
25.1
25.5
44.6
27.2
28.2
40.8
25.7
33.5
36.8
27.3
35.9
43.5
26.6
29.9
35.7
27.4
36.9
37.6
26.3
36.1
35.2
28.4
36.4
37.2
30.0
32.8
48.7
25.1
26.2
47.7
25.7
26.6
43.1
28.1
28.8
 t501_08 
 100.0 501 167
42.5
25.9
31.6
42.6
27.3
30.1
40.6
26.3
33.1
44.8
27.1
28.1
36.2
26.0
37.8
36.4
30.6
33.0
49.5
25.2
25.3
39.2
30.0
30.8
38.6
25.2
36.2
46.6
25.1
28.3
44.5
27.5
28.0
35.8
26.2
38.0
45.2
25.6
29.2
47.7
25.4
26.9
45.3
25.4
29.3
41.9
25.2
32.9
39.5
28.4
32.1
39.6
29.3
31.1
37.7
30.3
32.0
40.3
26.9
32.8
38.4
28.5
33.1
35.1
26.7
38.2
47.3
26.2
26.5
42.2
26.6
31.2
35.1
29.9
35.0
45.5
25.9
28.6
36.2
30.4
33.4
42.4
25.5
32.1
39.9
25.0
35.1
49.3
25.0
25.7
38.4
26.1
35.5
36.3
27.3
36.4
45.6
27.0
27.4
35.8
25.7
38.5
47.9
25.4
26.7
37.1
26.6
36.3
39.2
28.2
32.6
37.0
29.0
34.0
43.7
26.1
30.2
45.0
26.2
28.8
45.3
26.7
28.0
46.9
25.3
27.8
35.8
27.8
36.4
42.2
26.1
31.7
45.0
26.5
28.5
44.7
27.6
27.7
41.5
27.2
31.3
49.9
25.0
25.1
47.3
25.1
27.6
38.5
25.8
35.7
41.2
28.5
30.3
44.6
27.3
28.1
43.1
27.9
29.0
42.9
28.3
28.8
42.6
27.7
29.7
37.6
30.9
31.5
39.4
29.1
31.5
48.6
25.6
25.8
44.5
25.8
29.7
44.6
26.1
29.3
41.0
26.7
32.3
47.0
25.9
27.1
35.0
25.5
39.5
36.0
25.7
38.3
35.7
27.0
37.3
42.6
25.9
31.5
41.1
26.1
32.8
37.6
29.6
32.8
43.1
27.6
29.3
45.7
25.3
29.0
45.8
26.0
28.2
41.1
27.6
31.3
39.2
27.4
33.4
37.6
28.4
34.0
48.2
25.5
26.3
42.6
27.3
30.1
44.5
25.4
30.1
43.5
25.0
31.5
41.0
26.3
32.7
43.6
27.3
29.1
49.1
25.0
25.9
41.7
28.6
29.7
42.0
26.9
31.1
40.0
29.4
30.6
42.9
26.7
30.4
44.1
25.8
30.1
44.5
26.7
28.8
38.6
28.2
33.2
42.1
26.8
31.1
42.2
25.1
32.7
39.5
25.4
35.1
49.2
25.1
25.7
49.6
25.0
25.4
38.4
28.7
32.9
46.8
25.6
27.6
42.9
26.2
30.9
41.7
27.6
30.7
48.8
25.2
26.0
35.9
28.4
35.7
36.5
30.6
32.9
45.0
26.0
29.0
36.3
31.2
32.5
47.7
25.3
27.0
49.1
25.2
25.7
39.0
25.9
35.1
42.9
25.1
32.0
40.1
27.9
32.0
48.0
25.7
26.3
46.5
26.6
26.9
43.9
25.1
31.0
41.2
27.3
31.5
40.5
27.0
32.5
49.4
25.1
25.5
44.2
27.4
28.4
38.6
29.2
32.2
35.4
29.2
35.4
42.6
28.2
29.2
44.6
25.0
30.4
41.4
28.1
30.5
39.8
28.0
32.2
35.4
29.4
35.2
43.8
25.9
30.3
37.7
26.2
36.1
37.2
25.3
37.5
41.2
29.3
29.5
38.9
27.9
33.2
42.3
25.9
31.8
35.3
31.7
33.0
45.4
26.0
28.6
39.3
29.2
31.5
43.2
26.6
30.2
45.1
25.5
29.4
41.6
28.1
30.3
47.6
25.2
27.2
43.1
27.8
29.1
49.1
25.0
25.9
47.6
25.6
26.8
45.8
26.3
27.9
44.1
26.7
29.2
48.4
25.2
26.4
38.5
26.6
34.9
42.5
27.4
30.1
49.8
25.0
25.2
42.8
25.4
31.8
45.9
25.0
29.1
49.6
25.0
25.4
45.1
27.4
27.5
44.0
27.0
29.0
35.4
26.3
38.3
41.6
26.6
31.8
37.6
26.2
36.2
48.1
25.3
26.6
43.4
27.1
29.5
35.6
31.4
33.0
49.1
25.1
25.8
36.8
31.4
31.8
37.0
30.7
32.3
42.1
28.3
29.6
43.0
27.8
29.2
35.7
27.9
36.4
49.5
25.2
25.3
45.3
26.3
28.4
49.7
25.0
25.3
45.6
26.7
27.7
38.4
27.0
34.6
40.7
27.5
31.8
41.9
26.1
32.0
 t501_09 
 100.0 501 167
36.0
28.3
35.7
46.7
25.0
28.3
38.9
25.8
35.3
48.7
25.2
26.1
47.5
25.2
27.3
47.9
25.7
26.4
37.2
28.9
33.9
37.0
28.5
34.5
48.0
25.0
27.0
46.9
25.1
28.0
48.4
25.0
26.6
38.3
29.9
31.8
46.2
26.2
27.6
41.2
29.2
29.6
46.0
25.0
29.0
46.8
25.6
27.6
47.7
25.7
26.6
44.1
27.4
28.5
49.3
25.1
25.6
45.8
25.6
28.6
43.7
25.8
30.5
43.1
27.8
29.1
49.1
25.3
25.6
35.1
26.2
38.7
39.6
27.4
33.0
43.5
27.0
29.5
36.7
31.5
31.8
37.8
25.1
37.1
44.5
27.3
28.2
40.2
25.1
34.7
41.1
27.7
31.2
37.0
26.8
36.2
36.1
30.8
33.1
46.1
26.8
27.1
48.9
25.2
25.9
37.5
29.0
33.5
47.7
25.8
26.5
35.5
31.8
32.7
40.6
25.7
33.7
43.2
26.2
30.6
39.0
30.2
30.8
42.5
27.4
30.1
43.8
26.4
29.8
49.0
25.4
25.6
43.0
26.8
30.2
38.5
25.6
35.9
37.1
25.8
37.1
43.8
25.6
30.6
39.3
29.8
30.9
45.4
26.6
28.0
42.4
25.6
32.0
43.7
26.6
29.7
41.3
26.2
32.5
35.9
31.7
32.4
44.4
26.2
29.4
44.2
27.5
28.3
38.3
27.6
34.1
36.5
31.2
32.3
47.3
25.7
27.0
48.3
25.5
26.2
39.3
28.5
32.2
40.6
27.1
32.3
46.4
25.1
28.5
37.2
26.4
36.4
46.4
26.6
27.0
45.5
26.9
27.6
37.3
27.6
35.1
47.2
26.1
26.7
41.6
26.9
31.5
36.0
31.5
32.5
48.6
25.2
26.2
40.9
27.4
31.7
38.4
25.9
35.7
43.6
27.2
29.2
48.0
25.1
26.9
36.8
30.0
33.2
38.3
30.7
31.0
36.4
25.0
38.6
48.1
25.7
26.2
37.8
25.0
37.2
37.4
29.8
32.8
35.7
26.2
38.1
41.4
28.5
30.1
40.4
27.9
31.7
41.9
27.0
31.1
43.0
26.7
30.3
41.2
26.5
32.3
37.6
26.5
35.9
47.3
26.0
26.7
40.9
28.6
30.5
46.4
25.9
27.7
39.1
27.1
33.8
36.5
29.8
33.7
45.9
25.1
29.0
37.0
29.7
33.3
41.7
28.9
29.4
41.8
25.6
32.6
46.5
25.2
28.3
46.1
26.6
27.3
43.4
25.6
31.0
39.0
25.9
35.1
48.3
25.1
26.6
45.8
26.4
27.8
39.6
28.0
32.4
37.4
28.4
34.2
35.4
28.8
35.8
37.9
27.0
35.1
47.1
25.7
27.2
45.9
26.7
27.4
43.6
26.8
29.6
40.1
29.8
30.1
49.9
25.0
25.1
45.6
26.1
28.3
36.6
26.5
36.9
45.6
25.6
28.8
44.2
25.6
30.2
38.1
28.4
33.5
43.7
26.9
29.4
48.0
25.2
26.8
40.2
26.1
33.7
38.9
25.2
35.9
38.6
25.4
36.0
46.3
25.1
28.6
36.2
26.2
37.6
36.8
25.4
37.8
36.9
30.7
32.4
37.1
28.6
34.3
49.5
25.1
25.4
49.5
25.0
25.5
40.2
29.8
30.0
49.5
25.1
25.4
49.0
25.2
25.8
44.2
27.7
28.1
41.6
28.8
29.6
46.7
26.1
27.2
37.8
25.5
36.7
39.1
29.0
31.9
49.8
25.0
25.2
36.9
25.9
37.2
41.7
25.6
32.7
41.4
28.3
30.3
37.9
26.8
35.3
42.3
26.7
31.0
40.7
27.6
31.7
49.2
25.1
25.7
45.5
26.8
27.7
41.3
26.0
32.7
38.1
30.6
31.3
42.8
26.4
30.8
43.1
27.7
29.2
38.1
26.2
35.7
45.0
25.3
29.7
43.2
26.3
30.5
47.5
25.5
27.0
36.6
26.2
37.2
40.1
29.1
30.8
42.5
25.7
31.8
49.8
25.0
25.2
46.5
26.0
27.5
35.7
28.9
35.4
37.1
27.8
35.1
46.4
26.5
27.1
42.5
27.6
29.9
39.5
25.5
35.0
44.1
26.0
29.9
35.3
27.8
36.9
40.6
26.1
33.3
 t501_10 
 100.0 501 167
45.7
26.8
27.5
44.9
25.1
30.0
49.5
25.0
25.5
49.3
25.1
25.6
47.6
25.0
27.4
38.9
25.3
35.8
45.7
26.4
27.9
49.7
25.0
25.3
48.5
25.4
26.1
38.5
26.3
35.2
42.2
26.1
31.7
42.6
25.9
31.5
36.8
25.1
38.1
47.4
25.1
27.5
41.3
29.0
29.7
45.5
26.4
28.1
37.9
25.3
36.8
45.7
25.2
29.1
43.9
26.6
29.5
37.0
26.2
36.8
41.5
25.1
33.4
35.7
30.8
33.5
35.8
29.6
34.6
43.4
26.6
30.0
36.3
31.2
32.5
39.0
26.1
34.9
41.8
28.6
29.6
46.5
26.3
27.2
44.4
25.7
29.9
48.7
25.3
26.0
46.3
26.5
27.2
49.8
25.0
25.2
42.0
25.1
32.9
44.1
27.2
28.7
48.7
25.1
26.2
46.6
25.4
28.0
41.2
28.9
29.9
40.7
26.9
32.4
38.7
29.8
31.5
39.5
28.7
31.8
35.2
30.9
33.9
38.8
27.5
33.7
45.7
25.9
28.4
37.3
28.6
34.1
42.2
25.3
32.5
49.2
25.2
25.6
49.3
25.2
25.5
45.0
25.4
29.6
35.4
32.1
32.5
47.0
25.5
27.5
36.9
27.2
35.9
49.5
25.0
25.5
45.5
26.5
28.0
37.5
30.0
32.5
46.1
26.3
27.6
45.4
26.0
28.6
43.7
25.0
31.3
38.6
26.6
34.8
35.8
26.5
37.7
37.9
28.2
33.9
45.6
26.5
27.9
46.5
25.8
27.7
38.7
27.3
34.0
38.0
29.1
32.9
45.2
26.0
28.8
42.6
26.1
31.3
45.5
25.7
28.8
47.2
25.0
27.8
42.8
27.4
29.8
49.5
25.0
25.5
49.4
25.0
25.6
39.5
29.0
31.5
39.1
25.6
35.3
40.7
26.8
32.5
44.6
25.2
30.2
43.5
25.8
30.7
47.0
25.6
27.4
47.3
26.1
26.6
37.3
29.3
33.4
42.7
26.5
30.8
35.0
29.8
35.2
39.8
25.2
35.0
36.8
25.2
38.0
41.7
28.4
29.9
38.0
29.0
33.0
41.0
28.7
30.3
43.3
26.9
29.8
39.1
25.7
35.2
41.7
28.8
29.5
45.6
26.2
28.2
37.5
28.7
33.8
35.0
27.2
37.8
47.7
25.7
26.6
36.5
26.6
36.9
43.3
26.5
30.2
36.4
28.8
34.8
39.9
25.3
34.8
39.1
28.0
32.9
46.8
26.4
26.8
38.4
26.5
35.1
43.8
27.0
29.2
37.3
26.9
35.8
38.1
27.3
34.6
49.8
25.0
25.2
39.3
27.6
33.1
38.8
26.7
34.5
42.9
26.6
30.5
48.4
25.5
26.1
47.2
25.9
26.9
35.5
26.8
37.7
43.7
26.6
29.7
41.0
29.2
29.8
48.6
25.5
25.9
41.5
29.1
29.4
47.0
26.1
26.9
44.4
25.9
29.7
41.7
26.6
31.7
43.8
27.8
28.4
39.1
28.2
32.7
47.7
25.3
27.0
45.5
25.8
28.7
45.7
26.9
27.4
35.6
30.6
33.8
40.6
26.2
33.2
37.0
29.3
33.7
48.6
25.0
26.4
43.6
25.4
31.0
36.7
31.5
31.8
37.0
30.6
32.4
47.1
25.0
27.9
45.5
25.5
29.0
35.0
27.6
37.4
44.5
27.2
28.3
37.3
27.0
35.7
37.1
30.2
32.7
45.3
26.4
28.3
48.8
25.5
25.7
47.3
25.3
27.4
36.1
27.3
36.6
45.0
26.2
28.8
37.7
27.8
34.5
38.8
25.8
35.4
36.8
27.1
36.1
45.3
25.0
29.7
39.4
28.6
32.0
38.8
29.0
32.2
42.4
25.6
32.0
39.4
29.4
31.2
45.9
26.6
27.5
40.9
27.4
31.7
37.8
25.3
36.9
38.9
25.1
36.0
46.5
25.4
28.1
38.8
29.4
31.8
47.9
25.4
26.7
44.3
27.5
28.2
35.7
25.3
39.0
42.7
27.1
30.2
46.4
26.7
26.9
44.3
26.7
29.0
36.8
25.3
37.9
48.0
25.7
26.3
44.4
26.2
29.4
46.0
25.4
28.6
37.0
26.2
36.8
42.6
26.9
30.5
45.0
25.8
29.2
 t501_11 
 100.0 501 167
36.9
27.4
35.7
37.7
26.5
35.8
43.1
25.4
31.5
46.7
25.8
27.5
44.1
25.9
30.0
37.6
29.6
32.8
36.0
25.8
38.2
39.2
28.4
32.4
38.5
28.0
33.5
45.3
26.9
27.8
46.9
26.2
26.9
38.3
25.6
36.1
39.8
29.0
31.2
40.8
25.5
33.7
37.9
29.1
33.0
41.7
26.2
32.1
42.9
28.0
29.1
39.7
28.3
32.0
46.5
26.0
27.5
43.0
27.4
29.6
37.1
26.7
36.2
41.4
28.5
30.1
46.1
26.8
27.1
39.1
29.2
31.7
39.5
28.8
31.7
42.2
26.3
31.5
41.8
26.7
31.5
45.5
26.7
27.8
43.6
27.4
29.0
41.2
27.5
31.3
37.3
31.2
31.5
46.2
25.8
28.0
44.5
25.3
30.2
35.9
29.6
34.5
42.0
28.9
29.1
39.3
30.0
30.7
45.8
26.8
27.4
37.6
28.5
33.9
37.4
29.2
33.4
46.2
25.3
28.5
41.9
25.5
32.6
44.9
26.2
28.9
36.4
28.9
34.7
41.4
26.4
32.2
46.3
26.1
27.6
42.6
25.2
32.2
35.6
25.8
38.6
36.8
25.5
37.7
40.9
28.2
30.9
37.4
31.0
31.6
44.3
26.4
29.3
42.3
27.8
29.9
44.2
26.9
28.9
49.0
25.3
25.7
40.1
29.7
30.2
42.6
25.6
31.8
41.9
28.5
29.6
43.8
28.0
28.2
46.5
25.8
27.7
38.4
27.0
34.6
38.0
29.5
32.5
35.1
29.7
35.2
48.8
25.1
26.1
48.5
25.6
25.9
36.7
30.5
32.8
36.5
30.7
32.8
37.4
29.6
33.0
37.3
26.1
36.6
49.1
25.1
25.8
38.3
25.0
36.7
46.4
25.1
28.5
47.4
25.3
27.3
45.7
25.4
28.9
48.0
25.4
26.6
36.9
26.2
36.9
36.8
25.9
37.3
42.3
28.6
29.1
49.2
25.3
25.5
45.4
26.9
27.7
47.8
25.6
26.6
45.0
26.6
28.4
37.1
29.1
33.8
40.9
28.8
30.3
39.0
25.3
35.7
47.1
25.4
27.5
44.9
25.1
30.0
45.4
26.8
27.8
47.0
25.4
27.6
40.0
25.5
34.5
42.8
25.2
32.0
38.1
26.7
35.2
37.1
27.0
35.9
48.5
25.2
26.3
45.3
25.6
29.1
43.3
27.0
29.7
49.0
25.0
26.0
49.6
25.0
25.4
45.1
27.1
27.8
46.8
25.2
28.0
36.0
28.3
35.7
39.4
29.7
30.9
48.8
25.5
25.7
35.7
27.8
36.5
41.3
25.3
33.4
47.1
25.9
27.0
37.8
25.3
36.9
43.3
28.3
28.4
41.0
27.8
31.2
44.1
27.5
28.4
39.9
28.2
31.9
44.8
26.7
28.5
37.8
28.0
34.2
38.3
27.8
33.9
37.5
30.2
32.3
39.7
25.3
35.0
43.3
28.0
28.7
39.8
26.1
34.1
42.9
28.2
28.9
47.3
25.7
27.0
41.4
26.6
32.0
48.3
25.6
26.1
46.3
25.2
28.5
35.2
30.3
34.5
36.0
25.5
38.5
38.5
28.9
32.6
41.7
28.5
29.8
45.9
26.5
27.6
40.4
28.2
31.4
35.9
27.9
36.2
45.9
26.7
27.4
35.9
30.0
34.1
39.9
27.1
33.0
41.7
25.7
32.6
36.4
25.7
37.9
39.4
25.3
35.3
36.0
26.0
38.0
48.3
25.3
26.4
49.8
25.0
25.2
47.9
25.8
26.3
35.8
26.1
38.1
40.9
26.5
32.6
35.1
28.6
36.3
39.6
26.6
33.8
49.8
25.0
25.2
43.4
25.0
31.6
40.9
27.1
32.0
41.3
26.2
32.5
45.4
26.7
27.9
49.9
25.0
25.1
35.7
28.8
35.5
38.2
26.8
35.0
43.2
25.5
31.3
47.5
25.7
26.8
45.1
27.0
27.9
36.7
25.5
37.8
40.7
27.8
31.5
36.2
25.2
38.6
38.4
27.0
34.6
37.1
29.7
33.2
37.3
27.5
35.2
44.9
25.4
29.7
49.5
25.1
25.4
45.2
26.7
28.1
37.9
30.1
32.0
45.1
26.2
28.7
35.9
28.1
36.0
36.0
26.9
37.1
 t501_12 
 100.0 501 167
37.7
29.7
32.6
46.4
25.1
28.5
46.0
26.2
27.8
40.6
25.9
33.5
37.3
27.9
34.8
45.2
25.0
29.8
47.0
25.4
27.6
47.6
25.7
26.7
46.6
25.5
27.9
47.9
25.0
27.1
45.3
25.4
29.3
46.4
25.9
27.7
41.0
27.2
31.8
37.7
25.9
36.4
46.2
25.1
28.7
35.2
29.1
35.7
37.4
27.8
34.8
35.4
26.7
37.9
41.2
27.0
31.8
38.3
29.6
32.1
42.8
26.7
30.5
43.1
26.0
30.9
47.0
25.8
27.2
43.5
25.9
30.6
47.1
26.0
26.9
48.0
25.7
26.3
49.2
25.0
25.8
49.8
25.0
25.2
42.9
26.9
30.2
43.0
27.5
29.5
38.5
29.7
31.8
37.8
25.2
37.0
39.5
27.5
33.0
48.4
25.2
26.4
36.3
31.2
32.5
47.9
25.6
26.5
39.5
26.1
34.4
43.5
25.3
31.2
45.3
26.9
27.8
46.9
25.2
27.9
46.6
25.7
27.7
35.4
30.2
34.4
44.0
25.7
30.3
37.5
28.5
34.0
37.9
27.6
34.5
45.1
25.2
29.7
49.1
25.1
25.8
35.1
31.9
33.0
44.5
26.1
29.4
45.8
25.5
28.7
46.2
26.6
27.2
48.5
25.5
26.0
39.4
26.2
34.4
48.4
25.6
26.0
42.4
28.7
28.9
41.2
25.7
33.1
38.7
25.8
35.5
47.2
25.5
27.3
48.8
25.1
26.1
35.1
28.3
36.6
40.6
26.6
32.8
49.5
25.1
25.4
43.3
25.9
30.8
39.7
25.7
34.6
36.2
29.2
34.6
37.0
28.2
34.8
39.2
28.9
31.9
37.6
26.2
36.2
45.8
25.8
28.4
43.7
25.0
31.3
44.1
27.6
28.3
49.0
25.2
25.8
48.4
25.4
26.2
49.9
25.0
25.1
41.4
28.4
30.2
39.2
29.3
31.5
40.6
25.0
34.4
47.7
25.9
26.4
46.8
26.3
26.9
49.1
25.0
25.9
46.8
25.8
27.4
36.0
26.6
37.4
48.2
25.5
26.3
44.6
25.0
30.4
37.1
28.8
34.1
45.2
26.6
28.2
37.0
28.9
34.1
42.4
25.6
32.0
41.5
26.9
31.6
47.2
25.4
27.4
48.0
25.2
26.8
41.1
29.1
29.8
40.5
26.9
32.6
48.0
25.2
26.8
41.6
26.2
32.2
46.1
25.7
28.2
46.7
25.2
28.1
37.3
26.7
36.0
44.9
27.2
27.9
39.3
28.8
31.9
44.6
25.8
29.6
43.1
27.5
29.4
35.3
30.8
33.9
41.1
25.0
33.9
37.1
28.6
34.3
35.4
25.2
39.4
40.7
25.1
34.2
46.8
25.9
27.3
37.1
30.0
32.9
47.1
25.1
27.8
48.9
25.2
25.9
35.7
27.6
36.7
46.1
25.6
28.3
46.0
25.9
28.1
47.3
26.2
26.5
39.7
26.4
33.9
49.0
25.4
25.6
48.6
25.1
26.3
48.2
25.6
26.2
36.3
31.4
32.3
48.9
25.3
25.8
37.0
26.5
36.5
38.1
29.0
32.9
45.4
26.3
28.3
48.0
25.0
27.0
48.1
25.7
26.2
48.0
25.6
26.4
35.4
27.7
36.9
36.9
27.6
35.5
42.7
25.8
31.5
43.5
26.2
30.3
42.8
25.3
31.9
38.2
25.7
36.1
38.8
25.8
35.4
36.1
27.1
36.8
37.1
27.3
35.6
37.5
28.1
34.4
44.3
26.1
29.6
38.6
27.3
34.1
44.2
27.1
28.7
38.6
25.1
36.3
46.5
25.0
28.5
41.5
28.2
30.3
47.3
25.5
27.2
48.6
25.1
26.3
37.0
28.5
34.5
45.4
25.2
29.4
37.1
25.5
37.4
46.7
25.7
27.6
46.2
26.7
27.1
37.4
27.1
35.5
44.8
26.5
28.7
49.4
25.2
25.4
43.5
27.4
29.1
35.3
26.3
38.4
41.8
26.4
31.8
46.8
25.1
28.1
46.1
26.2
27.7
40.4
28.7
30.9
44.1
26.6
29.3
46.6
25.3
28.1
42.5
26.1
31.4
37.9
30.2
31.9
39.6
28.9
31.5
40.4
27.6
32.0
41.6
27.3
31.1
46.7
25.7
27.6
 t501_13 
 100.0 501 167
41.1
27.5
31.4
45.0
25.1
29.9
44.7
26.0
29.3
48.0
25.8
26.2
42.3
28.6
29.1
37.6
31.1
31.3
36.9
25.9
37.2
35.3
27.5
37.2
48.5
25.0
26.5
44.1
27.8
28.1
37.5
28.4
34.1
35.1
27.3
37.6
41.3
25.2
33.5
36.5
29.9
33.6
43.9
26.1
30.0
42.1
26.5
31.4
35.6
26.1
38.3
49.5
25.1
25.4
41.4
26.0
32.6
37.6
29.5
32.9
35.8
31.7
32.5
39.2
25.2
35.6
36.1
26.2
37.7
48.3
25.6
26.1
36.6
28.1
35.3
35.7
26.0
38.3
40.2
29.6
30.2
48.1
25.6
26.3
41.1
28.6
30.3
37.6
26.2
36.2
42.7
28.4
28.9
48.2
25.4
26.4
36.7
28.2
35.1
37.7
25.7
36.6
46.5
26.5
27.0
41.9
26.6
31.5
35.5
27.2
37.3
46.3
26.1
27.6
40.6
29.1
30.3
38.9
26.1
35.0
45.6
26.4
28.0
45.9
25.8
28.3
49.3
25.2
25.5
48.2
25.0
26.8
37.9
28.1
34.0
37.0
30.5
32.5
47.4
25.9
26.7
42.9
27.2
29.9
37.0
27.4
35.6
40.3
29.4
30.3
38.9
29.1
32.0
37.9
25.2
36.9
44.6
25.8
29.6
49.1
25.3
25.6
44.0
26.3
29.7
37.7
28.7
33.6
35.0
28.4
36.6
44.2
25.7
30.1
43.4
26.0
30.6
45.5
26.6
27.9
36.1
25.2
38.7
36.2
26.3
37.5
43.7
25.0
31.3
43.2
26.2
30.6
39.6
25.0
35.4
49.8
25.0
25.2
37.8
27.1
35.1
38.7
30.2
31.1
49.1
25.4
25.5
46.9
26.1
27.0
35.8
31.6
32.6
36.9
27.8
35.3
37.4
27.2
35.4
40.5
28.5
31.0
35.5
25.7
38.8
46.8
25.4
27.8
36.3
27.2
36.5
46.9
25.2
27.9
41.9
28.6
29.5
44.3
26.9
28.8
41.8
28.3
29.9
36.7
28.7
34.6
36.5
28.3
35.2
35.9
29.2
34.9
47.6
25.4
27.0
48.2
25.5
26.3
46.5
26.6
26.9
35.4
28.9
35.7
45.1
27.1
27.8
36.7
27.6
35.7
41.1
25.2
33.7
47.3
25.7
27.0
41.2
28.9
29.9
37.0
30.7
32.3
49.5
25.1
25.4
44.5
25.6
29.9
41.3
27.7
31.0
43.4
27.1
29.5
45.8
26.9
27.3
46.3
25.4
28.3
45.4
25.3
29.3
44.6
27.2
28.2
42.7
28.4
28.9
41.9
28.4
29.7
49.1
25.1
25.8
48.9
25.2
25.9
43.1
26.0
30.9
45.4
26.8
27.8
39.1
27.7
33.2
40.0
27.1
32.9
43.4
28.0
28.6
43.6
27.6
28.8
39.3
25.2
35.5
47.1
26.3
26.6
46.4
26.4
27.2
41.0
28.3
30.7
37.1
31.3
31.6
43.9
27.2
28.9
42.8
26.1
31.1
41.6
25.4
33.0
48.0
25.9
26.1
46.5
25.1
28.4
38.9
27.8
33.3
49.2
25.0
25.8
44.7
26.8
28.5
49.2
25.2
25.6
46.7
25.5
27.8
42.6
27.3
30.1
38.4
29.2
32.4
47.3
25.8
26.9
39.9
28.5
31.6
49.9
25.0
25.1
35.5
31.0
33.5
49.0
25.0
26.0
42.8
26.4
30.8
36.7
29.3
34.0
36.7
25.3
38.0
46.2
26.5
27.3
40.0
26.5
33.5
36.3
26.9
36.8
44.7
25.1
30.2
40.5
26.2
33.3
47.7
25.5
26.8
43.1
25.6
31.3
45.6
25.6
28.8
41.7
25.5
32.8
40.4
27.4
32.2
49.3
25.3
25.4
45.7
25.2
29.1
36.5
26.3
37.2
43.0
25.7
31.3
46.2
25.3
28.5
40.7
26.3
33.0
41.4
26.2
32.4
35.0
26.7
38.3
46.6
25.8
27.6
49.5
25.0
25.5
39.7
27.9
32.4
36.4
25.4
38.2
41.3
25.6
33.1
44.9
27.3
27.8
42.8
27.8
29.4
35.6
25.7
38.7
36.3
31.5
32.2
38.5
30.3
31.2
46.5
26.2
27.3
36.7
26.9
36.4
 t501_14 
 100.0 501 167
37.2
27.9
34.9
36.7
31.6
31.7
44.4
25.7
29.9
36.8
25.7
37.5
49.6
25.1
25.3
39.1
25.2
35.7
39.6
29.6
30.8
36.5
26.4
37.1
48.2
25.3
26.5
43.7
25.4
30.9
35.3
30.4
34.3
41.0
25.3
33.7
41.9
26.0
32.1
48.6
25.1
26.3
48.6
25.0
26.4
40.4
29.6
30.0
40.8
27.5
31.7
49.3
25.1
25.6
44.4
27.6
28.0
35.6
26.8
37.6
44.4
26.6
29.0
42.6
28.0
29.4
36.9
26.4
36.7
35.4
28.6
36.0
37.3
29.5
33.2
48.4
25.6
26.0
49.5
25.1
25.4
41.1
27.4
31.5
49.7
25.0
25.3
35.4
27.7
36.9
39.9
26.8
33.3
49.8
25.0
25.2
38.9
26.8
34.3
36.9
28.5
34.6
38.2
30.6
31.2
37.2
28.0
34.8
48.6
25.1
26.3
49.0
25.0
26.0
45.5
25.4
29.1
41.5
27.2
31.3
45.7
25.3
29.0
47.5
25.1
27.4
40.7
25.3
34.0
43.5
27.0
29.5
43.6
25.0
31.4
42.3
26.7
31.0
42.9
27.2
29.9
48.4
25.0
26.6
46.1
25.7
28.2
38.3
25.5
36.2
39.0
29.1
31.9
48.5
25.3
26.2
43.1
25.2
31.7
44.1
27.8
28.1
47.5
25.3
27.2
37.4
26.0
36.6
41.1
27.7
31.2
36.3
29.2
34.5
43.3
26.6
30.1
45.3
25.8
28.9
40.0
27.0
33.0
36.5
29.2
34.3
45.9
26.0
28.1
45.6
25.5
28.9
45.2
25.0
29.8
39.9
25.8
34.3
40.5
25.2
34.3
36.5
28.8
34.7
38.1
26.9
35.0
41.0
26.8
32.2
35.0
30.3
34.7
43.0
25.0
32.0
36.1
31.3
32.6
43.5
27.2
29.3
38.8
29.5
31.7
45.3
25.5
29.2
35.3
29.6
35.1
43.2
25.6
31.2
45.4
26.1
28.5
48.2
25.0
26.8
41.0
25.7
33.3
49.0
25.0
26.0
35.4
27.7
36.9
35.7
26.9
37.4
38.2
28.7
33.1
47.0
26.1
26.9
48.1
25.5
26.4
46.6
26.2
27.2
49.1
25.2
25.7
43.2
26.1
30.7
44.4
27.4
28.2
44.9
26.5
28.6
48.3
25.7
26.0
44.6
27.5
27.9
40.2
29.4
30.4
36.2
31.4
32.4
44.4
25.8
29.8
41.1
26.4
32.5
35.8
26.1
38.1
35.9
25.0
39.1
35.3
27.3
37.4
41.3
27.3
31.4
41.4
26.0
32.6
48.5
25.5
26.0
49.9
25.0
25.1
45.6
26.4
28.0
47.4
25.8
26.8
48.0
25.6
26.4
37.9
25.7
36.4
48.5
25.7
25.8
45.8
25.9
28.3
42.4
26.2
31.4
39.0
25.1
35.9
40.1
29.4
30.5
46.7
25.9
27.4
42.1
27.2
30.7
40.5
29.3
30.2
41.6
26.2
32.2
39.7
29.7
30.6
45.8
26.2
28.0
37.6
25.6
36.8
46.1
26.2
27.7
36.0
27.3
36.7
40.8
25.0
34.2
38.5
29.0
32.5
46.7
25.6
27.7
49.5
25.1
25.4
42.1
27.6
30.3
43.8
25.5
30.7
36.4
27.1
36.5
48.6
25.0
26.4
36.0
29.9
34.1
47.0
25.1
27.9
41.2
26.8
32.0
48.7
25.4
25.9
41.8
28.5
29.7
35.9
31.3
32.8
46.2
25.7
28.1
36.5
28.8
34.7
49.0
25.3
25.7
43.8
26.3
29.9
39.3
27.8
32.9
39.9
28.7
31.4
49.4
25.1
25.5
42.8
28.5
28.7
35.5
30.1
34.4
43.9
27.7
28.4
35.3
28.3
36.4
37.7
30.3
32.0
45.6
26.0
28.4
48.8
25.2
26.0
48.9
25.0
26.1
42.8
26.3
30.9
44.1
25.4
30.5
42.7
25.7
31.6
35.3
31.5
33.2
48.6
25.5
25.9
46.3
25.8
27.9
38.8
27.1
34.1
37.8
28.3
33.9
36.1
29.6
34.3
42.7
25.3
32.0
47.5
26.1
26.4
41.4
27.6
31.0
36.0
28.4
35.6
40.5
25.4
34.1
38.8
25.6
35.6
 t501_15 
 100.0 501 167
47.8
25.2
27.0
47.3
25.8
26.9
47.3
25.2
27.5
37.3
27.6
35.1
36.4
28.9
34.7
38.5
27.1
34.4
42.4
26.6
31.0
39.5
27.5
33.0
46.2
26.7
27.1
45.9
25.5
28.6
47.7
25.2
27.1
40.7
27.2
32.1
36.3
29.4
34.3
47.5
25.0
27.5
39.3
29.8
30.9
45.1
25.6
29.3
46.5
26.3
27.2
35.8
25.7
38.5
43.4
25.7
30.9
48.3
25.6
26.1
43.7
27.6
28.7
49.9
25.0
25.1
46.7
25.7
27.6
36.9
27.5
35.6
49.6
25.0
25.4
46.3
25.9
27.8
42.7
27.7
29.6
45.7
26.5
27.8
38.9
27.4
33.7
37.6
27.8
34.6
44.1
26.8
29.1
35.8
29.5
34.7
37.9
27.2
34.9
38.1
25.2
36.7
40.0
29.4
30.6
36.9
29.6
33.5
47.8
25.3
26.9
38.5
26.8
34.7
41.0
29.0
30.0
36.9
30.0
33.1
36.8
30.7
32.5
36.8
25.7
37.5
42.2
28.4
29.4
43.7
28.0
28.3
39.4
29.2
31.4
46.8
25.2
28.0
47.2
25.0
27.8
41.8
25.8
32.4
36.5
28.9
34.6
37.0
27.0
36.0
46.4
26.0
27.6
35.9
29.3
34.8
44.8
27.3
27.9
44.8
25.5
29.7
38.0
26.3
35.7
49.4
25.0
25.6
48.0
25.1
26.9
39.1
28.6
32.3
40.5
27.1
32.4
43.2
27.2
29.6
45.4
26.3
28.3
35.6
25.7
38.7
40.8
26.3
32.9
44.5
27.4
28.1
44.4
27.0
28.6
42.2
25.3
32.5
38.8
29.0
32.2
46.8
25.2
28.0
38.3
26.7
35.0
35.7
25.1
39.2
48.1
25.6
26.3
38.6
25.0
36.4
43.1
25.1
31.8
47.5
25.9
26.6
49.2
25.0
25.8
40.3
27.9
31.8
45.5
26.3
28.2
39.7
27.1
33.2
48.0
25.5
26.5
47.2
25.4
27.4
47.1
25.9
27.0
45.8
25.7
28.5
37.7
28.7
33.6
42.7
25.8
31.5
35.1
25.0
39.9
49.2
25.1
25.7
43.2
25.6
31.2
37.2
27.9
34.9
40.6
26.7
32.7
49.8
25.0
25.2
48.1
25.1
26.8
37.8
27.4
34.8
36.4
26.0
37.6
37.6
29.4
33.0
36.1
31.0
32.9
45.9
26.3
27.8
44.0
27.1
28.9
45.5
25.4
29.1
37.8
29.2
33.0
39.5
29.6
30.9
35.7
25.4
38.9
42.7
25.3
32.0
37.6
30.6
31.8
49.1
25.2
25.7
42.5
26.6
30.9
43.8
26.1
30.1
45.6
27.1
27.3
47.4
25.3
27.3
45.4
25.1
29.5
46.0
25.2
28.8
37.2
25.4
37.4
46.1
25.2
28.7
41.0
28.9
30.1
45.3
26.9
27.8
48.7
25.0
26.3
37.4
28.6
34.0
39.2
29.0
31.8
38.8
28.6
32.6
46.6
25.9
27.5
46.6
25.5
27.9
46.6
26.5
26.9
39.6
29.1
31.3
49.6
25.0
25.4
46.1
25.3
28.6
45.6
25.7
28.7
38.7
26.4
34.9
35.1
27.1
37.8
36.2
27.4
36.4
37.0
29.8
33.2
48.0
25.2
26.8
47.6
25.5
26.9
40.7
29.1
30.2
45.2
26.9
27.9
40.7
26.8
32.5
44.9
25.3
29.8
37.9
30.9
31.2
35.5
25.3
39.2
49.9
25.0
25.1
36.9
26.2
36.9
47.1
25.4
27.5
39.3
26.5
34.2
44.7
25.9
29.4
38.7
28.8
32.5
44.0
27.8
28.2
38.1
29.6
32.3
37.2
30.9
31.9
36.5
27.7
35.8
41.8
26.1
32.1
42.6
25.9
31.5
44.2
25.5
30.3
41.3
27.1
31.6
44.0
25.2
30.8
38.2
28.9
32.9
47.5
26.1
26.4
40.4
27.3
32.3
39.6
26.4
34.0
42.5
27.0
30.5
37.6
28.7
33.7
38.8
27.2
34.0
45.1
26.2
28.7
44.0
25.8
30.2
39.7
28.4
31.9
37.1
29.0
33.9
44.4
26.7
28.9
40.7
29.0
30.3
43.8
26.9
29.3
35.7
27.9
36.4
 t501_16 
 100.0 501 167
47.0
26.3
26.7
43.5
26.3
30.2
40.3
25.5
34.2
46.1
26.4
27.5
38.7
29.4
31.9
43.7
26.4
29.9
45.3
26.4
28.3
37.3
29.6
33.1
38.3
29.4
32.3
49.5
25.2
25.3
37.9
30.9
31.2
45.0
25.2
29.8
49.3
25.0
25.7
46.0
25.4
28.6
38.1
29.0
32.9
40.5
25.5
34.0
45.4
26.3
28.3
38.8
28.0
33.2
42.1
25.4
32.5
42.8
27.9
29.3
36.7
27.2
36.1
35.5
31.0
33.5
37.5
25.0
37.5
39.4
27.9
32.7
46.2
26.3
27.5
45.4
26.9
27.7
45.3
27.2
27.5
44.7
26.1
29.2
38.5
25.6
35.9
46.3
25.1
28.6
42.1
26.3
31.6
46.2
26.8
27.0
49.8
25.0
25.2
36.1
26.8
37.1
47.3
25.3
27.4
37.9
27.0
35.1
39.7
26.4
33.9
47.1
25.6
27.3
41.6
27.5
30.9
35.6
29.6
34.8
43.6
26.3
30.1
48.5
25.1
26.4
49.5
25.1
25.4
45.6
26.4
28.0
40.3
26.1
33.6
37.4
27.2
35.4
42.4
25.3
32.3
45.3
25.6
29.1
48.0
25.2
26.8
35.2
31.4
33.4
43.1
28.0
28.9
44.6
25.0
30.4
49.1
25.3
25.6
48.7
25.0
26.3
45.6
26.8
27.6
44.3
26.6
29.1
40.1
27.8
32.1
40.2
28.5
31.3
48.0
25.9
26.1
47.8
25.3
26.9
40.1
25.2
34.7
41.5
26.6
31.9
40.5
27.1
32.4
47.9
25.7
26.4
47.7
25.3
27.0
47.8
25.8
26.4
38.0
29.8
32.2
47.5
25.7
26.8
48.4
25.4
26.2
36.5
27.0
36.5
38.3
29.6
32.1
36.1
25.4
38.5
46.7
25.7
27.6
36.1
27.8
36.1
36.3
27.3
36.4
35.6
27.5
36.9
45.0
25.6
29.4
49.6
25.0
25.4
35.8
30.9
33.3
44.1
25.8
30.1
49.1
25.3
25.6
38.3
28.7
33.0
42.5
25.4
32.1
35.2
30.1
34.7
44.2
25.2
30.6
41.4
25.6
33.0
39.2
27.9
32.9
48.1
25.1
26.8
49.6
25.1
25.3
49.7
25.0
25.3
46.8
25.5
27.7
42.1
28.6
29.3
48.6
25.5
25.9
42.1
25.3
32.6
47.9
25.1
27.0
41.5
26.2
32.3
46.5
26.5
27.0
36.4
28.4
35.2
42.3
28.3
29.4
49.9
25.0
25.1
38.2
26.0
35.8
36.5
29.9
33.6
36.1
27.5
36.4
43.3
27.6
29.1
38.2
29.6
32.2
37.4
28.6
34.0
37.2
29.1
33.7
42.9
28.1
29.0
45.8
27.0
27.2
39.3
28.5
32.2
42.0
28.7
29.3
42.6
25.4
32.0
49.7
25.0
25.3
35.2
28.9
35.9
46.1
26.1
27.8
42.1
27.4
30.5
44.9
26.5
28.6
47.5
25.2
27.3
48.1
25.3
26.6
36.4
28.1
35.5
44.2
26.1
29.7
36.1
26.7
37.2
45.9
25.9
28.2
49.0
25.4
25.6
35.7
30.9
33.4
36.5
25.4
38.1
42.9
25.9
31.2
45.3
25.7
29.0
49.7
25.0
25.3
44.7
26.0
29.3
42.0
25.4
32.6
39.8
26.5
33.7
39.8
26.4
33.8
40.0
28.1
31.9
38.2
30.2
31.6
36.3
27.7
36.0
36.2
27.0
36.8
39.5
30.0
30.5
45.1
25.3
29.6
37.9
30.9
31.2
48.9
25.3
25.8
41.2
27.7
31.1
39.5
29.6
30.9
37.2
26.6
36.2
39.1
30.1
30.8
39.6
26.7
33.7
48.3
25.5
26.2
37.3
26.0
36.7
48.3
25.0
26.7
48.6
25.5
25.9
41.3
28.6
30.1
37.9
27.1
35.0
46.2
25.0
28.8
45.6
26.4
28.0
35.9
25.4
38.7
44.0
26.2
29.8
47.5
25.0
27.5
42.1
25.8
32.1
37.9
25.3
36.8
40.4
25.3
34.3
40.7
26.3
33.0
35.7
27.6
36.7
38.3
25.2
36.5
36.5
29.0
34.5
44.2
25.3
30.5
41.3
28.0
30.7
47.0
25.2
27.8
 t501_17 
 100.0 501 167
47.4
25.4
27.2
36.8
30.5
32.7
46.0
25.2
28.8
37.3
31.2
31.5
44.1
25.4
30.5
40.6
26.2
33.2
36.0
30.7
33.3
42.6
25.2
32.2
43.9
25.2
30.9
44.4
26.5
29.1
49.7
25.0
25.3
36.0
27.4
36.6
35.0
25.4
39.6
39.5
25.4
35.1
43.7
26.4
29.9
41.7
28.4
29.9
48.3
25.4
26.3
48.6
25.4
26.0
41.7
27.9
30.4
38.6
28.4
33.0
45.5
25.7
28.8
47.4
26.0
26.6
41.2
25.3
33.5
46.3
25.0
28.7
44.9
25.6
29.5
41.7
28.9
29.4
43.1
27.2
29.7
48.8
25.2
26.0
46.8
25.9
27.3
36.6
30.7
32.7
49.8
25.0
25.2
41.7
25.1
33.2
40.0
29.0
31.0
45.4
26.9
27.7
41.8
28.6
29.6
35.0
28.3
36.7
48.5
25.4
26.1
43.8
27.7
28.5
42.9
25.6
31.5
36.4
26.0
37.6
38.7
25.2
36.1
43.1
26.3
30.6
38.1
28.8
33.1
36.3
26.7
37.0
48.1
25.3
26.6
48.5
25.6
25.9
41.6
27.1
31.3
49.7
25.0
25.3
44.2
26.4
29.4
48.2
25.7
26.1
46.9
25.3
27.8
42.0
26.0
32.0
46.2
25.4
28.4
47.2
25.0
27.8
45.3
26.7
28.0
49.2
25.0
25.8
37.2
30.5
32.3
48.4
25.3
26.3
37.0
29.2
33.8
36.8
29.4
33.8
37.6
30.0
32.4
48.5
25.2
26.3
41.7
26.5
31.8
38.0
30.3
31.7
37.9
29.0
33.1
37.9
29.0
33.1
44.6
25.2
30.2
44.7
26.8
28.5
47.6
25.7
26.7
41.3
29.1
29.6
39.2
28.0
32.8
36.6
28.9
34.5
37.0
25.0
38.0
36.0
25.6
38.4
37.1
29.7
33.2
37.7
26.2
36.1
41.7
27.3
31.0
35.5
31.2
33.3
35.7
26.1
38.2
40.4
28.2
31.4
38.3
26.0
35.7
47.2
25.3
27.5
45.9
25.3
28.8
42.9
28.2
28.9
37.7
28.8
33.5
41.7
27.0
31.3
39.6
29.2
31.2
39.0
29.4
31.6
40.2
28.0
31.8
43.4
25.4
31.2
43.6
26.5
29.9
45.6
26.7
27.7
43.5
27.6
28.9
46.3
26.1
27.6
47.3
25.8
26.9
40.3
25.7
34.0
40.4
26.7
32.9
48.9
25.0
26.1
40.1
29.4
30.5
36.0
27.0
37.0
44.6
25.7
29.7
35.0
25.0
40.0
47.1
25.6
27.3
46.2
26.1
27.7
38.2
30.6
31.2
39.2
25.5
35.3
37.4
31.2
31.4
36.2
26.0
37.8
39.5
27.9
32.6
42.2
27.3
30.5
47.7
25.9
26.4
45.9
26.1
28.0
35.6
26.1
38.3
46.6
25.0
28.4
45.7
26.9
27.4
35.6
25.7
38.7
36.4
28.0
35.6
42.0
25.6
32.4
46.0
25.7
28.3
35.7
29.3
35.0
45.2
27.2
27.6
38.1
26.4
35.5
43.7
27.7
28.6
45.3
26.5
28.2
43.7
27.8
28.5
49.8
25.0
25.2
38.2
26.6
35.2
45.4
26.8
27.8
43.0
26.5
30.5
46.7
26.1
27.2
38.3
29.9
31.8
48.1
25.7
26.2
46.7
25.9
27.4
45.0
25.9
29.1
42.6
25.9
31.5
41.9
25.9
32.2
40.7
29.5
29.8
39.0
28.9
32.1
41.1
25.5
33.4
38.4
26.5
35.1
41.3
27.9
30.8
45.8
25.9
28.3
41.2
26.3
32.5
35.2
30.7
34.1
47.0
26.4
26.6
41.8
26.8
31.4
41.5
28.9
29.6
42.9
26.8
30.3
44.7
25.3
30.0
48.4
25.5
26.1
43.2
25.2
31.6
38.7
28.0
33.3
43.2
25.6
31.2
44.8
27.5
27.7
47.2
25.0
27.8
41.1
25.5
33.4
40.6
29.6
29.8
49.0
25.0
26.0
47.2
25.8
27.0
37.2
25.9
36.9
44.0
27.6
28.4
46.9
26.0
27.1
47.8
25.1
27.1
39.2
28.4
32.4
49.6
25.1
25.3
46.1
26.3
27.6
48.9
25.4
25.7
 t501_18 
 100.0 501 167
37.3
30.1
32.6
46.6
25.2
28.2
39.5
27.1
33.4
49.8
25.0
25.2
47.0
25.0
28.0
42.3
26.6
31.1
45.5
26.0
28.5
41.7
27.4
30.9
48.8
25.0
26.2
41.4
25.5
33.1
44.4
26.0
29.6
49.4
25.2
25.4
43.4
28.1
28.5
44.8
26.8
28.4
46.3
26.3
27.4
46.7
25.5
27.8
42.4
28.3
29.3
38.3
26.0
35.7
42.9
26.5
30.6
37.5
30.0
32.5
48.1
25.0
26.9
38.1
28.5
33.4
42.9
26.6
30.5
41.2
28.6
30.2
40.2
25.8
34.0
40.2
29.3
30.5
45.4
25.9
28.7
43.8
27.3
28.9
46.7
26.2
27.1
40.2
28.3
31.5
42.8
27.5
29.7
44.5
25.7
29.8
35.9
27.3
36.8
40.5
25.3
34.2
40.4
29.4
30.2
46.1
26.1
27.8
35.7
26.4
37.9
45.4
26.5
28.1
36.7
29.9
33.4
49.7
25.0
25.3
43.8
26.8
29.4
43.8
27.9
28.3
36.7
26.7
36.6
45.9
25.0
29.1
45.1
26.6
28.3
48.0
25.2
26.8
44.1
25.0
30.9
42.5
26.2
31.3
43.8
26.1
30.1
37.5
29.8
32.7
43.5
26.2
30.3
43.9
26.0
30.1
37.0
27.7
35.3
47.7
25.0
27.3
46.3
25.1
28.6
42.3
27.7
30.0
37.9
26.4
35.7
35.9
27.0
37.1
37.3
30.4
32.3
41.9
26.5
31.6
39.5
28.8
31.7
41.2
27.1
31.7
38.8
26.2
35.0
44.0
27.9
28.1
44.1
26.0
29.9
45.8
25.8
28.4
39.0
25.2
35.8
38.4
28.6
33.0
49.9
25.0
25.1
49.8
25.0
25.2
49.9
25.0
25.1
45.9
26.4
27.7
39.8
25.8
34.4
38.5
28.8
32.7
44.9
25.9
29.2
44.7
26.1
29.2
37.2
25.1
37.7
49.6
25.1
25.3
35.7
27.4
36.9
37.2
27.1
35.7
37.3
28.2
34.5
46.2
26.1
27.7
49.1
25.1
25.8
46.0
26.3
27.7
35.3
30.2
34.5
48.2
25.8
26.0
46.8
25.9
27.3
36.2
30.6
33.2
42.0
25.9
32.1
36.2
29.3
34.5
44.4
26.9
28.7
49.4
25.2
25.4
35.7
30.2
34.1
42.2
28.5
29.3
48.3
25.4
26.3
47.1
25.1
27.8
46.0
25.5
28.5
44.3
27.4
28.3
46.8
25.8
27.4
37.6
30.1
32.3
47.9
25.7
26.4
37.1
31.3
31.6
43.4
27.2
29.4
45.2
26.0
28.8
47.2
25.1
27.7
38.6
25.2
36.2
46.0
25.7
28.3
43.1
28.1
28.8
36.3
28.2
35.5
36.2
30.8
33.0
44.4
25.1
30.5
43.8
27.5
28.7
46.4
26.1
27.5
41.2
25.0
33.8
39.0
29.5
31.5
42.3
28.3
29.4
42.3
27.1
30.6
38.0
27.4
34.6
43.3
25.9
30.8
45.4
25.2
29.4
42.3
25.0
32.7
42.8
25.5
31.7
44.2
25.7
30.1
46.5
26.5
27.0
41.1
29.0
29.9
45.1
27.1
27.8
36.0
27.5
36.5
45.7
26.9
27.4
46.2
26.6
27.2
47.2
25.7
27.1
46.2
26.3
27.5
40.0
26.4
33.6
46.4
26.6
27.0
44.5
25.7
29.8
47.7
25.7
26.6
49.8
25.0
25.2
37.5
30.8
31.7
45.1
25.6
29.3
41.3
27.1
31.6
40.8
28.5
30.7
44.6
26.2
29.2
48.5
25.0
26.5
47.6
25.9
26.5
46.2
26.3
27.5
36.8
26.3
36.9
47.6
25.5
26.9
35.2
29.7
35.1
35.0
32.3
32.7
49.3
25.2
25.5
36.9
29.2
33.9
40.5
25.9
33.6
37.7
28.1
34.2
46.1
25.0
28.9
46.2
25.4
28.4
42.5
26.3
31.2
35.8
30.7
33.5
45.3
25.6
29.1
40.2
29.3
30.5
43.3
26.7
30.0
36.9
28.3
34.8
36.2
28.4
35.4
36.2
27.0
36.8
42.6
26.2
31.2
38.2
26.6
35.2
46.4
25.8
27.8
43.9
27.1
29.0
43.1
25.1
31.8
 t501_19 
 100.0 501 167
36.0
26.5
37.5
46.0
26.8
27.2
40.0
26.1
33.9
37.5
30.4
32.1
46.2
25.1
28.7
39.8
26.5
33.7
49.2
25.1
25.7
46.2
26.4
27.4
49.5
25.0
25.5
41.5
26.7
31.8
38.1
27.9
34.0
36.8
29.9
33.3
46.5
25.7
27.8
48.7
25.5
25.8
48.7
25.4
25.9
44.7
27.1
28.2
35.3
28.3
36.4
42.6
26.3
31.1
46.2
26.4
27.4
44.2
26.4
29.4
35.1
26.6
38.3
44.5
26.5
29.0
44.3
25.8
29.9
36.5
31.0
32.5
49.4
25.0
25.6
39.4
28.2
32.4
47.7
25.1
27.2
46.4
25.9
27.7
42.9
26.7
30.4
45.4
26.7
27.9
40.9
25.0
34.1
42.9
25.5
31.6
39.6
25.2
35.2
44.9
27.4
27.7
49.2
25.2
25.6
46.6
26.5
26.9
49.2
25.0
25.8
46.2
26.4
27.4
49.9
25.0
25.1
42.9
25.4
31.7
49.8
25.0
25.2
45.5
26.8
27.7
48.8
25.2
26.0
47.8
25.3
26.9
42.9
28.3
28.8
41.1
25.1
33.8
39.5
26.5
34.0
39.6
26.8
33.6
45.7
26.4
27.9
43.2
26.1
30.7
38.9
28.8
32.3
43.7
26.4
29.9
48.1
25.6
26.3
47.0
26.3
26.7
47.9
25.2
26.9
37.5
27.1
35.4
38.5
30.6
30.9
43.1
28.0
28.9
38.9
28.9
32.2
37.1
31.0
31.9
45.9
26.0
28.1
46.9
26.0
27.1
41.2
27.2
31.6
41.4
26.1
32.5
40.5
25.2
34.3
47.6
25.2
27.2
38.9
28.1
33.0
42.1
27.0
30.9
40.9
27.1
32.0
36.3
28.6
35.1
46.1
26.7
27.2
48.0
25.6
26.4
39.7
28.0
32.3
48.2
25.8
26.0
49.0
25.3
25.7
48.9
25.0
26.1
37.3
26.0
36.7
46.4
25.4
28.2
40.1
25.2
34.7
35.6
27.4
37.0
47.8
25.7
26.5
43.0
25.2
31.8
41.8
25.8
32.4
42.9
26.2
30.9
35.9
30.4
33.7
46.9
25.7
27.4
49.4
25.1
25.5
39.8
29.8
30.4
47.0
25.9
27.1
35.6
31.6
32.8
45.5
27.2
27.3
43.4
26.7
29.9
46.8
25.9
27.3
35.8
29.0
35.2
43.6
25.5
30.9
47.1
25.4
27.5
49.1
25.2
25.7
35.7
29.6
34.7
39.7
28.5
31.8
43.1
25.7
31.2
42.6
27.2
30.2
44.1
25.1
30.8
49.2
25.3
25.5
37.9
27.9
34.2
42.0
26.8
31.2
36.3
25.4
38.3
40.6
27.7
31.7
41.2
25.3
33.5
41.8
26.3
31.9
45.3
25.1
29.6
44.7
25.8
29.5
37.6
29.1
33.3
41.1
28.5
30.4
35.4
27.3
37.3
37.2
29.4
33.4
38.9
25.5
35.6
48.9
25.4
25.7
39.6
29.8
30.6
43.2
26.5
30.3
48.2
25.5
26.3
48.4
25.3
26.3
35.8
26.4
37.8
45.4
25.4
29.2
36.1
26.2
37.7
41.1
28.5
30.4
41.2
25.1
33.7
40.3
28.2
31.5
48.5
25.1
26.4
36.9
31.2
31.9
47.5
25.8
26.7
44.3
25.4
30.3
47.1
26.3
26.6
37.9
27.3
34.8
48.4
25.5
26.1
37.6
29.6
32.8
37.7
26.4
35.9
42.4
25.2
32.4
47.6
25.6
26.8
49.4
25.0
25.6
48.8
25.4
25.8
46.2
25.5
28.3
49.9
25.0
25.1
43.4
27.7
28.9
47.5
25.9
26.6
40.4
28.8
30.8
45.1
25.3
29.6
42.5
25.9
31.6
47.9
25.8
26.3
48.1
25.4
26.5
41.6
27.2
31.2
41.6
25.1
33.3
44.9
25.4
29.7
48.8
25.1
26.1
39.1
26.5
34.4
40.0
28.9
31.1
42.3
25.0
32.7
35.0
28.3
36.7
49.9
25.0
25.1
41.3
29.2
29.5
35.0
30.9
34.1
38.6
27.8
33.6
47.7
25.4
26.9
48.2
25.5
26.3
48.1
25.4
26.5
46.6
25.9
27.5
42.1
26.4
31.5
41.0
25.0
34.0
